-> CNT_ARM_1_1 circle
 3 8 0 0 3 13 -2.0 -1.0 0.0 1.0 2.0 3.0 4.0 5.0 6.0 7.0 8.0 9.0 10.0 11 -1.84795517316e-17 0.30180394988 -0.30180394988 -2.61340326854e-17 0.0 -0.426815239098 -1.84795517316e-17 -0.30180394988 -0.30180394988 -8.14566457757e-33 -0.426815239098 0.0 1.84795517316e-17 -0.30180394988 0.30180394988 2.61340326854e-17 0.0 0.426815239098 1.84795517316e-17 0.30180394988 0.30180394988 1.40365870859e-32 0.426815239098 4.5282335259e-16 -1.84795517316e-17 0.30180394988 -0.30180394988 -2.61340326854e-17 0.0 -0.426815239098 -1.84795517316e-17 -0.30180394988 -0.30180394988
-> CNT_ARM_1_2 circle
 3 8 0 0 3 13 -2.0 -1.0 0.0 1.0 2.0 3.0 4.0 5.0 6.0 7.0 8.0 9.0 10.0 11 -1.00601080259e-17 0.164299458263 -0.164299458263 -1.42271412092e-17 0.0 -0.232354522166 -1.00601080259e-17 -0.164299458263 -0.164299458263 -4.43442929698e-33 -0.232354522166 0.0 1.00601080259e-17 -0.164299458263 0.164299458263 1.42271412092e-17 0.0 0.232354522166 1.00601080259e-17 0.164299458263 0.164299458263 7.64139652576e-33 0.232354522166 2.46513114056e-16 -1.00601080259e-17 0.164299458263 -0.164299458263 -1.42271412092e-17 0.0 -0.232354522166 -1.00601080259e-17 -0.164299458263 -0.164299458263
-> CNT_ARM_2_1 circle
 3 8 0 0 3 13 -2.0 -1.0 0.0 1.0 2.0 3.0 4.0 5.0 6.0 7.0 8.0 9.0 10.0 11 -1.84795517316e-17 0.30180394988 -0.30180394988 -2.61340326854e-17 0.0 -0.426815239098 -1.84795517316e-17 -0.30180394988 -0.30180394988 -8.14566457757e-33 -0.426815239098 0.0 1.84795517316e-17 -0.30180394988 0.30180394988 2.61340326854e-17 0.0 0.426815239098 1.84795517316e-17 0.30180394988 0.30180394988 1.40365870859e-32 0.426815239098 4.5282335259e-16 -1.84795517316e-17 0.30180394988 -0.30180394988 -2.61340326854e-17 0.0 -0.426815239098 -1.84795517316e-17 -0.30180394988 -0.30180394988
-> CNT_ARM_2_2 circle
 3 8 0 0 3 13 -2.0 -1.0 0.0 1.0 2.0 3.0 4.0 5.0 6.0 7.0 8.0 9.0 10.0 11 -1.00601080259e-17 0.164299458263 -0.164299458263 -1.42271412092e-17 0.0 -0.232354522166 -1.00601080259e-17 -0.164299458263 -0.164299458263 -4.43442929698e-33 -0.232354522166 0.0 1.00601080259e-17 -0.164299458263 0.164299458263 1.42271412092e-17 0.0 0.232354522166 1.00601080259e-17 0.164299458263 0.164299458263 7.64139652576e-33 0.232354522166 2.46513114056e-16 -1.00601080259e-17 0.164299458263 -0.164299458263 -1.42271412092e-17 0.0 -0.232354522166 -1.00601080259e-17 -0.164299458263 -0.164299458263
-> CNT_ARM_3_1 circle
 3 8 0 0 3 13 -2.0 -1.0 0.0 1.0 2.0 3.0 4.0 5.0 6.0 7.0 8.0 9.0 10.0 11 -1.84795517316e-17 0.30180394988 -0.30180394988 -2.61340326854e-17 0.0 -0.426815239098 -1.84795517316e-17 -0.30180394988 -0.30180394988 -8.14566457757e-33 -0.426815239098 0.0 1.84795517316e-17 -0.30180394988 0.30180394988 2.61340326854e-17 0.0 0.426815239098 1.84795517316e-17 0.30180394988 0.30180394988 1.40365870859e-32 0.426815239098 4.5282335259e-16 -1.84795517316e-17 0.30180394988 -0.30180394988 -2.61340326854e-17 0.0 -0.426815239098 -1.84795517316e-17 -0.30180394988 -0.30180394988
-> CNT_ARM_3_2 circle
 3 8 0 0 3 13 -2.0 -1.0 0.0 1.0 2.0 3.0 4.0 5.0 6.0 7.0 8.0 9.0 10.0 11 -1.00601080259e-17 0.164299458263 -0.164299458263 -1.42271412092e-17 0.0 -0.232354522166 -1.00601080259e-17 -0.164299458263 -0.164299458263 -4.43442929698e-33 -0.232354522166 0.0 1.00601080259e-17 -0.164299458263 0.164299458263 1.42271412092e-17 0.0 0.232354522166 1.00601080259e-17 0.164299458263 0.164299458263 7.64139652576e-33 0.232354522166 2.46513114056e-16 -1.00601080259e-17 0.164299458263 -0.164299458263 -1.42271412092e-17 0.0 -0.232354522166 -1.00601080259e-17 -0.164299458263 -0.164299458263
-> CNT_ARM_4_1 circle
 3 8 0 0 3 13 -2.0 -1.0 0.0 1.0 2.0 3.0 4.0 5.0 6.0 7.0 8.0 9.0 10.0 11 9.03592150459e-17 0.30180394988 -0.30180394988 8.27047340921e-17 0.0 -0.426815239098 9.03592150459e-17 -0.30180394988 -0.30180394988 1.08838766778e-16 -0.426815239098 0.0 1.27318318509e-16 -0.30180394988 0.30180394988 1.34972799463e-16 0.0 0.426815239098 1.27318318509e-16 0.30180394988 0.30180394988 1.08838766778e-16 0.426815239098 4.5282335259e-16 9.03592150459e-17 0.30180394988 -0.30180394988 8.27047340921e-17 0.0 -0.426815239098 9.03592150459e-17 -0.30180394988 -0.30180394988
-> CNT_ARM_4_2 circle
 3 8 0 0 3 13 -2.0 -1.0 0.0 1.0 2.0 3.0 4.0 5.0 6.0 7.0 8.0 9.0 10.0 11 9.89014928067e-17 0.164299458263 -0.164299458263 9.47344596234e-17 0.0 -0.232354522166 9.89014928067e-17 -0.164299458263 -0.164299458263 1.08961600833e-16 -0.232354522166 0.0 1.19021708859e-16 -0.164299458263 0.164299458263 1.23188742042e-16 0.0 0.232354522166 1.19021708859e-16 0.164299458263 0.164299458263 1.08961600833e-16 0.232354522166 2.46513114056e-16 9.89014928067e-17 0.164299458263 -0.164299458263 9.47344596234e-17 0.0 -0.232354522166 9.89014928067e-17 -0.164299458263 -0.164299458263
-> CNT_ROOT_1 circle
 3 8 0 0 3 13 -2.0 -1.0 0.0 1.0 2.0 3.0 4.0 5.0 6.0 7.0 8.0 9.0 10.0 11 1.69830922174 1.03988013185e-16 -1.69830922174 0.0 1.4706125857e-16 -2.40177193448 -1.69830922174 1.03988013185e-16 -1.69830922174 -2.40177193448 4.58372306749e-32 0.0 -1.69830922174 -1.03988013185e-16 1.69830922174 0.0 -1.4706125857e-16 2.40177193448 1.69830922174 -1.03988013185e-16 1.69830922174 2.40177193448 -7.89865914583e-32 2.54812462138e-15 1.69830922174 1.03988013185e-16 -1.69830922174 0.0 1.4706125857e-16 -2.40177193448 -1.69830922174 1.03988013185e-16 -1.69830922174