-> CNT_BROWS_10_L circle
 3 8 0 0 3 13 -2.0 -1.0 0.0 1.0 2.0 3.0 4.0 5.0 6.0 7.0 8.0 9.0 10.0 11 9.51964932355e-17 0.591965396066 -0.591965396066 -5.1259909009e-17 1.13819862444e-32 -0.837165491572 -1.67688951762e-16 -0.591965396066 -0.591965396066 -1.85888080833e-16 -0.837165491572 0.0 -9.51964932355e-17 -0.591965396066 0.591965396066 5.1259909009e-17 -1.13819862444e-32 0.837165491572 1.67688951762e-16 0.591965396066 0.591965396066 1.85888080833e-16 0.837165491572 8.881784197e-16 9.51964932355e-17 0.591965396066 -0.591965396066 -5.1259909009e-17 1.13819862444e-32 -0.837165491572 -1.67688951762e-16 -0.591965396066 -0.591965396066
-> CNT_BROWS_10_R circle
 3 8 0 0 3 13 -2.0 -1.0 0.0 1.0 2.0 3.0 4.0 5.0 6.0 7.0 8.0 9.0 10.0 11 0.0 0.591965396066 0.591965396066 -1.42108547152e-14 2.13162820728e-14 0.837165491572 -1.42108547152e-14 -0.591965396066 0.591965396066 -1.42108547152e-14 -0.837165491572 1.42108547152e-14 -1.42108547152e-14 -0.591965396066 -0.591965396066 -1.42108547152e-14 2.13162820728e-14 -0.837165491572 0.0 0.591965396066 -0.591965396066 0.0 0.837165491572 1.42108547152e-14 0.0 0.591965396066 0.591965396066 -1.42108547152e-14 2.13162820728e-14 0.837165491572 -1.42108547152e-14 -0.591965396066 0.591965396066
-> CNT_BROWS_11_L circle
 3 8 0 0 3 13 -2.0 -1.0 0.0 1.0 2.0 3.0 4.0 5.0 6.0 7.0 8.0 9.0 10.0 11 9.51964932355e-17 0.591965396066 -0.591965396066 -5.1259909009e-17 1.13819862444e-32 -0.837165491572 -1.67688951762e-16 -0.591965396066 -0.591965396066 -1.85888080833e-16 -0.837165491572 0.0 -9.51964932355e-17 -0.591965396066 0.591965396066 5.1259909009e-17 -1.13819862444e-32 0.837165491572 1.67688951762e-16 0.591965396066 0.591965396066 1.85888080833e-16 0.837165491572 8.881784197e-16 9.51964932355e-17 0.591965396066 -0.591965396066 -5.1259909009e-17 1.13819862444e-32 -0.837165491572 -1.67688951762e-16 -0.591965396066 -0.591965396066
-> CNT_BROWS_11_R circle
 3 8 0 0 3 13 -2.0 -1.0 0.0 1.0 2.0 3.0 4.0 5.0 6.0 7.0 8.0 9.0 10.0 11 2.13162820728e-14 0.591965396066 0.591965396066 7.1054273576e-15 5.68434188608e-14 0.837165491572 7.1054273576e-15 -0.591965396066 0.591965396066 2.13162820728e-14 -0.837165491572 -2.84217094304e-14 3.5527136788e-14 -0.591965396066 -0.591965396066 4.26325641456e-14 4.26325641456e-14 -0.837165491572 3.5527136788e-14 0.591965396066 -0.591965396066 2.84217094304e-14 0.837165491572 -4.26325641456e-14 2.13162820728e-14 0.591965396066 0.591965396066 7.1054273576e-15 5.68434188608e-14 0.837165491572 7.1054273576e-15 -0.591965396066 0.591965396066
-> CNT_BROWS_12_L circle
 3 8 0 0 3 13 -2.0 -1.0 0.0 1.0 2.0 3.0 4.0 5.0 6.0 7.0 8.0 9.0 10.0 11 9.51964932355e-17 0.591965396066 -0.591965396066 -5.1259909009e-17 1.13819862444e-32 -0.837165491572 -1.67688951762e-16 -0.591965396066 -0.591965396066 -1.85888080833e-16 -0.837165491572 0.0 -9.51964932355e-17 -0.591965396066 0.591965396066 5.1259909009e-17 -1.13819862444e-32 0.837165491572 1.67688951762e-16 0.591965396066 0.591965396066 1.85888080833e-16 0.837165491572 8.881784197e-16 9.51964932355e-17 0.591965396066 -0.591965396066 -5.1259909009e-17 1.13819862444e-32 -0.837165491572 -1.67688951762e-16 -0.591965396066 -0.591965396066
-> CNT_BROWS_12_R circle
 3 8 0 0 3 13 -2.0 -1.0 0.0 1.0 2.0 3.0 4.0 5.0 6.0 7.0 8.0 9.0 10.0 11 1.7763568394e-14 0.591965396066 0.591965396066 2.13162820728e-14 5.68434188608e-14 0.837165491572 1.7763568394e-14 -0.591965396066 0.591965396066 2.13162820728e-14 -0.837165491572 4.26325641456e-14 2.48689957516e-14 -0.591965396066 -0.591965396066 2.48689957516e-14 9.94759830064e-14 -0.837165491572 2.48689957516e-14 0.591965396066 -0.591965396066 2.48689957516e-14 0.837165491572 7.1054273576e-14 1.7763568394e-14 0.591965396066 0.591965396066 2.13162820728e-14 5.68434188608e-14 0.837165491572 1.7763568394e-14 -0.591965396066 0.591965396066
-> CNT_BROWS_13_L circle
 3 8 0 0 3 13 -2.0 -1.0 0.0 1.0 2.0 3.0 4.0 5.0 6.0 7.0 8.0 9.0 10.0 11 9.51964932355e-17 0.591965396066 -0.591965396066 -5.1259909009e-17 1.13819862444e-32 -0.837165491572 -1.67688951762e-16 -0.591965396066 -0.591965396066 -1.85888080833e-16 -0.837165491572 0.0 -9.51964932355e-17 -0.591965396066 0.591965396066 5.1259909009e-17 -1.13819862444e-32 0.837165491572 1.67688951762e-16 0.591965396066 0.591965396066 1.85888080833e-16 0.837165491572 8.881784197e-16 9.51964932355e-17 0.591965396066 -0.591965396066 -5.1259909009e-17 1.13819862444e-32 -0.837165491572 -1.67688951762e-16 -0.591965396066 -0.591965396066
-> CNT_BROWS_13_R circle
 3 8 0 0 3 13 -2.0 -1.0 0.0 1.0 2.0 3.0 4.0 5.0 6.0 7.0 8.0 9.0 10.0 11 -1.42108547152e-14 0.591965396066 0.591965396066 -1.42108547152e-14 4.26325641456e-14 0.837165491572 -1.42108547152e-14 -0.591965396066 0.591965396066 -1.42108547152e-14 -0.837165491572 5.68434188608e-14 -2.84217094304e-14 -0.591965396066 -0.591965396066 -1.42108547152e-14 1.42108547152e-14 -0.837165491572 -1.42108547152e-14 0.591965396066 -0.591965396066 -1.42108547152e-14 0.837165491572 1.42108547152e-14 -1.42108547152e-14 0.591965396066 0.591965396066 -1.42108547152e-14 4.26325641456e-14 0.837165491572 -1.42108547152e-14 -0.591965396066 0.591965396066
-> CNT_BROWS_14_L circle
 3 8 0 0 3 13 -2.0 -1.0 0.0 1.0 2.0 3.0 4.0 5.0 6.0 7.0 8.0 9.0 10.0 11 9.51964932355e-17 0.591965396066 -0.591965396066 -5.1259909009e-17 1.13819862444e-32 -0.837165491572 -1.67688951762e-16 -0.591965396066 -0.591965396066 -1.85888080833e-16 -0.837165491572 0.0 -9.51964932355e-17 -0.591965396066 0.591965396066 5.1259909009e-17 -1.13819862444e-32 0.837165491572 1.67688951762e-16 0.591965396066 0.591965396066 1.85888080833e-16 0.837165491572 8.881784197e-16 9.51964932355e-17 0.591965396066 -0.591965396066 -5.1259909009e-17 1.13819862444e-32 -0.837165491572 -1.67688951762e-16 -0.591965396066 -0.591965396066
-> CNT_BROWS_14_R circle
 3 8 0 0 3 13 -2.0 -1.0 0.0 1.0 2.0 3.0 4.0 5.0 6.0 7.0 8.0 9.0 10.0 11 -4.26325641456e-14 0.591965396066 0.591965396066 -3.5527136788e-14 7.1054273576e-14 0.837165491572 -2.84217094304e-14 -0.591965396066 0.591965396066 -7.1054273576e-15 -0.837165491572 5.68434188608e-14 -7.1054273576e-15 -0.591965396066 -0.591965396066 -1.42108547152e-14 5.68434188608e-14 -0.837165491572 -2.13162820728e-14 0.591965396066 -0.591965396066 -4.26325641456e-14 0.837165491572 2.84217094304e-14 -4.26325641456e-14 0.591965396066 0.591965396066 -3.5527136788e-14 7.1054273576e-14 0.837165491572 -2.84217094304e-14 -0.591965396066 0.591965396066
-> CNT_BROWS_15_L circle
 3 8 0 0 3 13 -2.0 -1.0 0.0 1.0 2.0 3.0 4.0 5.0 6.0 7.0 8.0 9.0 10.0 11 9.51964932355e-17 0.591965396066 -0.591965396066 -5.1259909009e-17 1.13819862444e-32 -0.837165491572 -1.67688951762e-16 -0.591965396066 -0.591965396066 -1.85888080833e-16 -0.837165491572 0.0 -9.51964932355e-17 -0.591965396066 0.591965396066 5.1259909009e-17 -1.13819862444e-32 0.837165491572 1.67688951762e-16 0.591965396066 0.591965396066 1.85888080833e-16 0.837165491572 8.881784197e-16 9.51964932355e-17 0.591965396066 -0.591965396066 -5.1259909009e-17 1.13819862444e-32 -0.837165491572 -1.67688951762e-16 -0.591965396066 -0.591965396066
-> CNT_BROWS_15_R circle
 3 8 0 0 3 13 -2.0 -1.0 0.0 1.0 2.0 3.0 4.0 5.0 6.0 7.0 8.0 9.0 10.0 11 -7.1054273576e-15 0.591965396066 0.591965396066 -1.42108547152e-14 2.84217094304e-14 0.837165491572 -7.1054273576e-15 -0.591965396066 0.591965396066 7.1054273576e-15 -0.837165491572 7.1054273576e-14 7.1054273576e-15 -0.591965396066 -0.591965396066 1.42108547152e-14 2.84217094304e-14 -0.837165491572 7.1054273576e-15 0.591965396066 -0.591965396066 0.0 0.837165491572 5.68434188608e-14 -7.1054273576e-15 0.591965396066 0.591965396066 -1.42108547152e-14 2.84217094304e-14 0.837165491572 -7.1054273576e-15 -0.591965396066 0.591965396066
-> CNT_BROWS_1_L circle
 3 8 0 0 3 13 -2.0 -1.0 0.0 1.0 2.0 3.0 4.0 5.0 6.0 7.0 8.0 9.0 10.0 11 9.51964932355e-17 0.591965396066 -0.591965396066 -5.1259909009e-17 1.13819862444e-32 -0.837165491572 -1.67688951762e-16 -0.591965396066 -0.591965396066 -1.85888080833e-16 -0.837165491572 0.0 -9.51964932355e-17 -0.591965396066 0.591965396066 5.1259909009e-17 -1.13819862444e-32 0.837165491572 1.67688951762e-16 0.591965396066 0.591965396066 1.85888080833e-16 0.837165491572 8.881784197e-16 9.51964932355e-17 0.591965396066 -0.591965396066 -5.1259909009e-17 1.13819862444e-32 -0.837165491572 -1.67688951762e-16 -0.591965396066 -0.591965396066
-> CNT_BROWS_1_R circle
 3 8 0 0 3 13 -2.0 -1.0 0.0 1.0 2.0 3.0 4.0 5.0 6.0 7.0 8.0 9.0 10.0 11 1.42108547152e-14 0.591965396066 0.591965396066 1.42108547152e-14 0.0 0.837165491572 1.42108547152e-14 -0.591965396066 0.591965396066 0.0 -0.837165491572 -2.84217094304e-14 1.42108547152e-14 -0.591965396066 -0.591965396066 1.42108547152e-14 0.0 -0.837165491572 0.0 0.591965396066 -0.591965396066 0.0 0.837165491572 -2.84217094304e-14 1.42108547152e-14 0.591965396066 0.591965396066 1.42108547152e-14 0.0 0.837165491572 1.42108547152e-14 -0.591965396066 0.591965396066
-> CNT_BROWS_2_L circle
 3 8 0 0 3 13 -2.0 -1.0 0.0 1.0 2.0 3.0 4.0 5.0 6.0 7.0 8.0 9.0 10.0 11 9.51964932355e-17 0.591965396066 -0.591965396066 -5.1259909009e-17 1.13819862444e-32 -0.837165491572 -1.67688951762e-16 -0.591965396066 -0.591965396066 -1.85888080833e-16 -0.837165491572 0.0 -9.51964932355e-17 -0.591965396066 0.591965396066 5.1259909009e-17 -1.13819862444e-32 0.837165491572 1.67688951762e-16 0.591965396066 0.591965396066 1.85888080833e-16 0.837165491572 8.881784197e-16 9.51964932355e-17 0.591965396066 -0.591965396066 -5.1259909009e-17 1.13819862444e-32 -0.837165491572 -1.67688951762e-16 -0.591965396066 -0.591965396066
-> CNT_BROWS_2_R circle
 3 8 0 0 3 13 -2.0 -1.0 0.0 1.0 2.0 3.0 4.0 5.0 6.0 7.0 8.0 9.0 10.0 11 -6.39488462184e-14 0.591965396066 0.591965396066 -5.68434188608e-14 -2.84217094304e-14 0.837165491572 -4.26325641456e-14 -0.591965396066 0.591965396066 -2.84217094304e-14 -0.837165491572 -1.42108547152e-14 -4.26325641456e-14 -0.591965396066 -0.591965396066 -4.97379915032e-14 -2.84217094304e-14 -0.837165491572 -5.68434188608e-14 0.591965396066 -0.591965396066 -7.1054273576e-14 0.837165491572 0.0 -6.39488462184e-14 0.591965396066 0.591965396066 -5.68434188608e-14 -2.84217094304e-14 0.837165491572 -4.26325641456e-14 -0.591965396066 0.591965396066
-> CNT_BROWS_3_L circle
 3 8 0 0 3 13 -2.0 -1.0 0.0 1.0 2.0 3.0 4.0 5.0 6.0 7.0 8.0 9.0 10.0 11 9.51964932355e-17 0.591965396066 -0.591965396066 -5.1259909009e-17 1.13819862444e-32 -0.837165491572 -1.67688951762e-16 -0.591965396066 -0.591965396066 -1.85888080833e-16 -0.837165491572 0.0 -9.51964932355e-17 -0.591965396066 0.591965396066 5.1259909009e-17 -1.13819862444e-32 0.837165491572 1.67688951762e-16 0.591965396066 0.591965396066 1.85888080833e-16 0.837165491572 8.881784197e-16 9.51964932355e-17 0.591965396066 -0.591965396066 -5.1259909009e-17 1.13819862444e-32 -0.837165491572 -1.67688951762e-16 -0.591965396066 -0.591965396066
-> CNT_BROWS_3_R circle
 3 8 0 0 3 13 -2.0 -1.0 0.0 1.0 2.0 3.0 4.0 5.0 6.0 7.0 8.0 9.0 10.0 11 -4.26325641456e-14 0.591965396066 0.591965396066 -3.5527136788e-14 -1.42108547152e-14 0.837165491572 -2.84217094304e-14 -0.591965396066 0.591965396066 -2.13162820728e-14 -0.837165491572 -5.68434188608e-14 -1.42108547152e-14 -0.591965396066 -0.591965396066 -1.42108547152e-14 -1.42108547152e-14 -0.837165491572 -2.13162820728e-14 0.591965396066 -0.591965396066 -2.84217094304e-14 0.837165491572 -4.26325641456e-14 -4.26325641456e-14 0.591965396066 0.591965396066 -3.5527136788e-14 -1.42108547152e-14 0.837165491572 -2.84217094304e-14 -0.591965396066 0.591965396066
-> CNT_BROWS_4_L circle
 3 8 0 0 3 13 -2.0 -1.0 0.0 1.0 2.0 3.0 4.0 5.0 6.0 7.0 8.0 9.0 10.0 11 9.51964932355e-17 0.591965396066 -0.591965396066 -5.1259909009e-17 1.13819862444e-32 -0.837165491572 -1.67688951762e-16 -0.591965396066 -0.591965396066 -1.85888080833e-16 -0.837165491572 0.0 -9.51964932355e-17 -0.591965396066 0.591965396066 5.1259909009e-17 -1.13819862444e-32 0.837165491572 1.67688951762e-16 0.591965396066 0.591965396066 1.85888080833e-16 0.837165491572 8.881784197e-16 9.51964932355e-17 0.591965396066 -0.591965396066 -5.1259909009e-17 1.13819862444e-32 -0.837165491572 -1.67688951762e-16 -0.591965396066 -0.591965396066
-> CNT_BROWS_4_R circle
 3 8 0 0 3 13 -2.0 -1.0 0.0 1.0 2.0 3.0 4.0 5.0 6.0 7.0 8.0 9.0 10.0 11 1.42108547152e-14 0.591965396066 0.591965396066 0.0 4.26325641456e-14 0.837165491572 0.0 -0.591965396066 0.591965396066 0.0 -0.837165491572 -2.84217094304e-14 0.0 -0.591965396066 -0.591965396066 0.0 2.84217094304e-14 -0.837165491572 0.0 0.591965396066 -0.591965396066 0.0 0.837165491572 -4.26325641456e-14 1.42108547152e-14 0.591965396066 0.591965396066 0.0 4.26325641456e-14 0.837165491572 0.0 -0.591965396066 0.591965396066
-> CNT_BROWS_5_L circle
 3 8 0 0 3 13 -2.0 -1.0 0.0 1.0 2.0 3.0 4.0 5.0 6.0 7.0 8.0 9.0 10.0 11 9.51964932355e-17 0.591965396066 -0.591965396066 -5.1259909009e-17 1.13819862444e-32 -0.837165491572 -1.67688951762e-16 -0.591965396066 -0.591965396066 -1.85888080833e-16 -0.837165491572 0.0 -9.51964932355e-17 -0.591965396066 0.591965396066 5.1259909009e-17 -1.13819862444e-32 0.837165491572 1.67688951762e-16 0.591965396066 0.591965396066 1.85888080833e-16 0.837165491572 8.881784197e-16 9.51964932355e-17 0.591965396066 -0.591965396066 -5.1259909009e-17 1.13819862444e-32 -0.837165491572 -1.67688951762e-16 -0.591965396066 -0.591965396066
-> CNT_BROWS_5_R circle
 3 8 0 0 3 13 -2.0 -1.0 0.0 1.0 2.0 3.0 4.0 5.0 6.0 7.0 8.0 9.0 10.0 11 0.0 0.591965396066 0.591965396066 1.42108547152e-14 2.84217094304e-14 0.837165491572 2.13162820728e-14 -0.591965396066 0.591965396066 2.13162820728e-14 -0.837165491572 -2.84217094304e-14 1.42108547152e-14 -0.591965396066 -0.591965396066 7.1054273576e-15 2.84217094304e-14 -0.837165491572 -7.1054273576e-15 0.591965396066 -0.591965396066 -7.1054273576e-15 0.837165491572 -4.26325641456e-14 0.0 0.591965396066 0.591965396066 1.42108547152e-14 2.84217094304e-14 0.837165491572 2.13162820728e-14 -0.591965396066 0.591965396066
-> CNT_BROWS_6_L circle
 3 8 0 0 3 13 -2.0 -1.0 0.0 1.0 2.0 3.0 4.0 5.0 6.0 7.0 8.0 9.0 10.0 11 9.51964932355e-17 0.591965396066 -0.591965396066 -5.1259909009e-17 1.13819862444e-32 -0.837165491572 -1.67688951762e-16 -0.591965396066 -0.591965396066 -1.85888080833e-16 -0.837165491572 0.0 -9.51964932355e-17 -0.591965396066 0.591965396066 5.1259909009e-17 -1.13819862444e-32 0.837165491572 1.67688951762e-16 0.591965396066 0.591965396066 1.85888080833e-16 0.837165491572 8.881784197e-16 9.51964932355e-17 0.591965396066 -0.591965396066 -5.1259909009e-17 1.13819862444e-32 -0.837165491572 -1.67688951762e-16 -0.591965396066 -0.591965396066
-> CNT_BROWS_6_R circle
 3 8 0 0 3 13 -2.0 -1.0 0.0 1.0 2.0 3.0 4.0 5.0 6.0 7.0 8.0 9.0 10.0 11 -1.42108547152e-14 0.591965396066 0.591965396066 -2.13162820728e-14 2.84217094304e-14 0.837165491572 -2.13162820728e-14 -0.591965396066 0.591965396066 -2.13162820728e-14 -0.837165491572 -9.94759830064e-14 -1.42108547152e-14 -0.591965396066 -0.591965396066 -7.1054273576e-15 1.42108547152e-14 -0.837165491572 -7.1054273576e-15 0.591965396066 -0.591965396066 -7.1054273576e-15 0.837165491572 -8.52651282912e-14 -1.42108547152e-14 0.591965396066 0.591965396066 -2.13162820728e-14 2.84217094304e-14 0.837165491572 -2.13162820728e-14 -0.591965396066 0.591965396066
-> CNT_BROWS_7_L circle
 3 8 0 0 3 13 -2.0 -1.0 0.0 1.0 2.0 3.0 4.0 5.0 6.0 7.0 8.0 9.0 10.0 11 9.51964932355e-17 0.591965396066 -0.591965396066 -5.1259909009e-17 1.13819862444e-32 -0.837165491572 -1.67688951762e-16 -0.591965396066 -0.591965396066 -1.85888080833e-16 -0.837165491572 0.0 -9.51964932355e-17 -0.591965396066 0.591965396066 5.1259909009e-17 -1.13819862444e-32 0.837165491572 1.67688951762e-16 0.591965396066 0.591965396066 1.85888080833e-16 0.837165491572 8.881784197e-16 9.51964932355e-17 0.591965396066 -0.591965396066 -5.1259909009e-17 1.13819862444e-32 -0.837165491572 -1.67688951762e-16 -0.591965396066 -0.591965396066
-> CNT_BROWS_7_R circle
 3 8 0 0 3 13 -2.0 -1.0 0.0 1.0 2.0 3.0 4.0 5.0 6.0 7.0 8.0 9.0 10.0 11 0.0 0.591965396066 0.591965396066 -7.1054273576e-15 4.26325641456e-14 0.837165491572 0.0 -0.591965396066 0.591965396066 -7.1054273576e-15 -0.837165491572 -2.84217094304e-14 -7.1054273576e-15 -0.591965396066 -0.591965396066 0.0 4.26325641456e-14 -0.837165491572 -7.1054273576e-15 0.591965396066 -0.591965396066 7.1054273576e-15 0.837165491572 -2.84217094304e-14 0.0 0.591965396066 0.591965396066 -7.1054273576e-15 4.26325641456e-14 0.837165491572 0.0 -0.591965396066 0.591965396066
-> CNT_BROWS_8_L circle
 3 8 0 0 3 13 -2.0 -1.0 0.0 1.0 2.0 3.0 4.0 5.0 6.0 7.0 8.0 9.0 10.0 11 9.51964932355e-17 0.591965396066 -0.591965396066 -5.1259909009e-17 1.13819862444e-32 -0.837165491572 -1.67688951762e-16 -0.591965396066 -0.591965396066 -1.85888080833e-16 -0.837165491572 0.0 -9.51964932355e-17 -0.591965396066 0.591965396066 5.1259909009e-17 -1.13819862444e-32 0.837165491572 1.67688951762e-16 0.591965396066 0.591965396066 1.85888080833e-16 0.837165491572 8.881784197e-16 9.51964932355e-17 0.591965396066 -0.591965396066 -5.1259909009e-17 1.13819862444e-32 -0.837165491572 -1.67688951762e-16 -0.591965396066 -0.591965396066
-> CNT_BROWS_8_R circle
 3 8 0 0 3 13 -2.0 -1.0 0.0 1.0 2.0 3.0 4.0 5.0 6.0 7.0 8.0 9.0 10.0 11 -1.59872115546e-14 0.591965396066 0.591965396066 -8.881784197e-15 8.52651282912e-14 0.837165491572 1.7763568394e-15 -0.591965396066 0.591965396066 1.7763568394e-15 -0.837165491572 1.42108547152e-14 -5.3290705182e-15 -0.591965396066 -0.591965396066 -8.881784197e-15 7.1054273576e-14 -0.837165491572 -1.59872115546e-14 0.591965396066 -0.591965396066 -1.59872115546e-14 0.837165491572 0.0 -1.59872115546e-14 0.591965396066 0.591965396066 -8.881784197e-15 8.52651282912e-14 0.837165491572 1.7763568394e-15 -0.591965396066 0.591965396066
-> CNT_BROWS_9_L circle
 3 8 0 0 3 13 -2.0 -1.0 0.0 1.0 2.0 3.0 4.0 5.0 6.0 7.0 8.0 9.0 10.0 11 9.51964932355e-17 0.591965396066 -0.591965396066 -5.1259909009e-17 1.13819862444e-32 -0.837165491572 -1.67688951762e-16 -0.591965396066 -0.591965396066 -1.85888080833e-16 -0.837165491572 0.0 -9.51964932355e-17 -0.591965396066 0.591965396066 5.1259909009e-17 -1.13819862444e-32 0.837165491572 1.67688951762e-16 0.591965396066 0.591965396066 1.85888080833e-16 0.837165491572 8.881784197e-16 9.51964932355e-17 0.591965396066 -0.591965396066 -5.1259909009e-17 1.13819862444e-32 -0.837165491572 -1.67688951762e-16 -0.591965396066 -0.591965396066
-> CNT_BROWS_9_R circle
 3 8 0 0 3 13 -2.0 -1.0 0.0 1.0 2.0 3.0 4.0 5.0 6.0 7.0 8.0 9.0 10.0 11 -8.17124146124e-14 0.591965396066 0.591965396066 -8.17124146124e-14 8.52651282912e-14 0.837165491572 -8.17124146124e-14 -0.591965396066 0.591965396066 -7.46069872548e-14 -0.837165491572 0.0 -7.46069872548e-14 -0.591965396066 -0.591965396066 -7.81597009336e-14 1.42108547152e-14 -0.837165491572 -8.17124146124e-14 0.591965396066 -0.591965396066 -8.17124146124e-14 0.837165491572 -9.94759830064e-14 -8.17124146124e-14 0.591965396066 0.591965396066 -8.17124146124e-14 8.52651282912e-14 0.837165491572 -8.17124146124e-14 -0.591965396066 0.591965396066
-> CNT_EAR_1_L circle
 3 8 0 0 3 13 -2.0 -1.0 0.0 1.0 2.0 3.0 4.0 5.0 6.0 7.0 8.0 9.0 10.0 11 -2.50387385484 1.23246934709 -3.22094262885 1.88975889718 0.0985597350332 -4.96601751287 6.28339164921 -0.621162712992 -3.01331759814 8.10329392319 -0.505094348074 1.49329198853 4.75803079198 0.526964610604 4.32820443272 1.88975889718 1.51268316784 7.65897535562 -3.49515922557 2.23240561587 6.28360222378 -4.32377612882 2.11633725095 1.19966585422 -2.50387385484 1.23246934709 -3.22094262885 1.88975889718 0.0985597350332 -4.96601751287 6.28339164921 -0.621162712992 -3.01331759814
-> CNT_EAR_1_R circle
 3 8 0 0 3 13 -2.0 -1.0 0.0 1.0 2.0 3.0 4.0 5.0 6.0 7.0 8.0 9.0 10.0 11 -2.50387385484 -1.23246934709 -3.22094262885 1.88975889718 -0.0985597350333 -4.96601751287 6.28339164921 0.621162712992 -3.01331759814 8.10329392319 0.505094348074 1.49329198853 4.75803079198 -0.526964610604 4.32820443272 1.88975889718 -1.51268316784 7.65897535562 -3.49515922557 -2.23240561587 6.28360222378 -4.32377612882 -2.11633725095 1.19966585422 -2.50387385484 -1.23246934709 -3.22094262885 1.88975889718 -0.0985597350333 -4.96601751287 6.28339164921 0.621162712992 -3.01331759814
-> CNT_EAR_2_L circle
 3 8 0 0 3 13 -2.0 -1.0 0.0 1.0 2.0 3.0 4.0 5.0 6.0 7.0 8.0 9.0 10.0 11 -2.29886732227 0.646251369402 -2.13300926574 1.41739229095 1.32561266059 -3.30171654788 4.82397220696 2.13178726109 -1.46234443286 5.92534411227 2.59252902357 2.3076278406 2.57808477255 2.01687169884 3.93549034347 0.360079668731 1.75858038114 6.96850892662 -3.04650024727 0.95240578064 5.1291368116 -4.14787215258 0.491664018158 1.35916453814 -2.29886732227 0.646251369402 -2.13300926574 1.41739229095 1.32561266059 -3.30171654788 4.82397220696 2.13178726109 -1.46234443286
-> CNT_EAR_2_R circle
 3 8 0 0 3 13 -2.0 -1.0 0.0 1.0 2.0 3.0 4.0 5.0 6.0 7.0 8.0 9.0 10.0 11 -2.26935112415 -0.646251369402 -2.16438558682 1.46261140307 -1.32561266059 -3.28193554974 4.84360405421 -2.13178726109 -1.3959437166 5.89308718851 -2.59252902357 2.38880147525 2.52378310161 -2.01687169884 3.97053197872 0.264325292147 -1.75858038114 6.97279758548 -3.11666735898 -0.952405780641 5.08680575235 -4.16615049328 -0.491664018158 1.30206056049 -2.26935112415 -0.646251369402 -2.16438558682 1.46261140307 -1.32561266059 -3.28193554974 4.84360405421 -2.13178726109 -1.3959437166
-> CNT_EYES_1_C square
 1 4 2 0 3 5 0.0 1.0 2.0 3.0 4.0 5 -8.91223617362 -2.97074539121 -1.35512167285e-14 -8.91223617362 2.97074539121 -1.48704927019e-14 8.91223617362 2.97074539121 -1.48704927019e-14 8.91223617362 -2.97074539121 -1.35512167285e-14 -8.91223617362 -2.97074539121 -1.35512167285e-14
-> CNT_EYE_1_L square
 1 4 2 0 3 5 0.0 1.0 2.0 3.0 4.0 5 -0.5 -0.5 1.11022302463e-16 -0.5 0.5 -1.11022302463e-16 0.5 0.5 -1.11022302463e-16 0.5 -0.5 1.11022302463e-16 -0.5 -0.5 1.11022302463e-16
-> CNT_EYE_1_R square
 1 4 2 0 3 5 0.0 1.0 2.0 3.0 4.0 5 0.5 -0.5 0.0 0.5 0.5 0.0 -0.5 0.5 0.0 -0.5 -0.5 0.0 0.5 -0.5 0.0
-> CNT_EYE_LOOK_1_L circle
 3 8 0 0 3 13 -2.0 -1.0 0.0 1.0 2.0 3.0 4.0 5.0 6.0 7.0 8.0 9.0 10.0 11 -1.59799730546 1.59799730546 -1.05519815194e-14 -2.25990946202 1.42108547152e-14 -1.03035997707e-14 -1.59799730546 -1.59799730546 -9.84232815866e-15 2.0957398789e-30 -2.25990946202 -9.43837333769e-15 1.59799730546 -1.59799730546 -9.32836656331e-15 2.25990946202 1.42108547152e-14 -9.57674831204e-15 1.59799730546 1.59799730546 -1.0038019924e-14 2.39761771698e-15 2.25990946202 -1.0441974745e-14 -1.59799730546 1.59799730546 -1.05519815194e-14 -2.25990946202 1.42108547152e-14 -1.03035997707e-14 -1.59799730546 -1.59799730546 -9.84232815866e-15
-> CNT_EYE_LOOK_1_R circle
 3 8 0 0 3 13 -2.0 -1.0 0.0 1.0 2.0 3.0 4.0 5.0 6.0 7.0 8.0 9.0 10.0 11 1.59799730546 1.59799730546 -7.67031327941e-13 2.25990946202 -4.26325641456e-14 -7.66884353917e-13 1.59799730546 -1.59799730546 -7.67031327941e-13 -2.6645352591e-14 -2.25990946202 -7.67386154621e-13 -1.59799730546 -1.59799730546 -7.67740981301e-13 -2.25990946202 -4.26325641456e-14 -7.67887955325e-13 -1.59799730546 1.59799730546 -7.67740981301e-13 -2.93098878501e-14 2.25990946202 -7.67386154621e-13 1.59799730546 1.59799730546 -7.67031327941e-13 2.25990946202 -4.26325641456e-14 -7.66884353917e-13 1.59799730546 -1.59799730546 -7.67031327941e-13
-> CNT_JAW_1_C line
 3 4 0 0 3 9 0.0 0.0 0.0 0.333333333333 0.5 0.666666666667 0.833333333333 0.833333333333 0.833333333333 7 -2.7938441031 -1.44797628616 -14.0037135303 7.40442055849 -5.5155060406 -11.3062728127 21.0963412905 -5.5155060406 -9.7112857219 22.3751223094 -5.5155060406 3.5411042086e-15 21.0963412905 -5.5155060406 9.7112857219 7.40442055849 -5.5155060406 11.3062728127 -2.7938441031 -1.44797628616 14.0037135303
-> CNT_MOUTH_1_L square
 1 4 2 0 3 5 0.0 1.0 2.0 3.0 4.0 5 -0.5 -0.5 1.11022302463e-16 -0.5 0.5 -1.11022302463e-16 0.5 0.5 -1.11022302463e-16 0.5 -0.5 1.11022302463e-16 -0.5 -0.5 1.11022302463e-16
-> CNT_MOUTH_1_R square
 1 4 2 0 3 5 0.0 1.0 2.0 3.0 4.0 5 0.5 -0.5 0.0 0.5 0.5 0.0 -0.5 0.5 0.0 -0.5 -0.5 0.0 0.5 -0.5 0.0
-> CNT_NOSE_1_L square
 1 4 2 0 3 5 0.0 1.0 2.0 3.0 4.0 5 -0.5 -0.5 1.11022302463e-16 -0.5 0.5 -1.11022302463e-16 0.5 0.5 -1.11022302463e-16 0.5 -0.5 1.11022302463e-16 -0.5 -0.5 1.11022302463e-16
-> CNT_NOSE_1_R square
 1 4 2 0 3 5 0.0 1.0 2.0 3.0 4.0 5 0.5 -0.5 0.0 0.5 0.5 0.0 -0.5 0.5 0.0 -0.5 -0.5 0.0 0.5 -0.5 0.0
-> CNT_SUB_EYE_LOOK_1_L circle
 3 8 0 0 3 13 -2.0 -1.0 0.0 1.0 2.0 3.0 4.0 5.0 6.0 7.0 8.0 9.0 10.0 11 -1.06830942786 1.06830942786 -1.09839797833e-14 -1.5108176817 -1.78467414111e-14 -1.08179290879e-14 -1.06830942786 -1.06830942786 -1.05095550936e-14 -1.11542133819e-15 -1.5108176817 -1.02394991041e-14 1.06830942786 -1.06830942786 -1.01659562554e-14 1.5108176817 -1.78467414111e-14 -1.03320069508e-14 1.06830942786 1.06830942786 -1.0640380945e-14 4.87458468122e-16 1.5108176817 -1.09104369346e-14 -1.06830942786 1.06830942786 -1.09839797833e-14 -1.5108176817 -1.78467414111e-14 -1.08179290879e-14 -1.06830942786 -1.06830942786 -1.05095550936e-14
-> CNT_SUB_EYE_LOOK_1_R circle
 3 8 0 0 3 13 -2.0 -1.0 0.0 1.0 2.0 3.0 4.0 5.0 6.0 7.0 8.0 9.0 10.0 11 1.06830942786 1.06830942786 2.37212344847e-16 1.5108176817 0.0 3.35468915247e-16 1.06830942786 -1.06830942786 2.37212344847e-16 -2.6645352591e-14 -1.5108176817 -5.91645678916e-30 -1.06830942786 -1.06830942786 -2.37212344847e-16 -1.5108176817 0.0 -3.35468915247e-16 -1.06830942786 1.06830942786 -2.37212344847e-16 -2.84217094304e-14 1.5108176817 -6.31088724177e-30 1.06830942786 1.06830942786 2.37212344847e-16 1.5108176817 0.0 3.35468915247e-16 1.06830942786 -1.06830942786 2.37212344847e-16
-> CNT_SUB_TONGUE_1_C circle
 3 8 0 0 3 13 -2.0 -1.0 0.0 1.0 2.0 3.0 4.0 5.0 6.0 7.0 8.0 9.0 10.0 11 3.51351855198 -3.26466125814 16.4183805763 -0.0130170905648 0.0515429586663 16.2796139323 -3.50788447999 -3.26990565634 16.4245615957 -3.97813003929 1.08791008113 0.0923086509602 -3.70999318496 2.62549542307 -0.949375848805 0.000664066559363 4.73217619406 -2.98979872382 3.71082191823 2.61507996182 -0.948938590978 3.97882510529 1.07497335152 0.0925964599939 3.51351855198 -3.26466125814 16.4183805763 -0.0130170905648 0.0515429586663 16.2796139323 -3.50788447999 -3.26990565634 16.4245615957
-> CNT_SUB_TONGUE_2_C circle
 3 8 0 0 3 13 -2.0 -1.0 0.0 1.0 2.0 3.0 4.0 5.0 6.0 7.0 8.0 9.0 10.0 11 3.52321810523 2.06658074451 -1.04377688529e-05 -0.000233793027869 2.00743449396 -1.62186756854e-07 -3.52641981082 2.06777271203 -1.04377688529e-05 -4.80197598318 0.398257786565 -1.62186756854e-07 -3.16260512002 -2.41540210296 -1.62186756854e-07 -0.000233793341457 -5.11629775457 -1.62186756854e-07 3.16276256644 -2.41599808672 -1.62186756854e-07 4.80332411268 0.398226959818 -1.04377688529e-05 3.52321810523 2.06658074451 -1.04377688529e-05 -0.000233793027869 2.00743449396 -1.62186756854e-07 -3.52641981082 2.06777271203 -1.04377688529e-05
-> CNT_SUB_TONGUE_3_C circle
 3 8 0 0 3 13 -2.0 -1.0 0.0 1.0 2.0 3.0 4.0 5.0 6.0 7.0 8.0 9.0 10.0 11 4.79818526223 0.35057036504 -0.229786643632 0.082966379335 0.863166307387 -0.373840354596 -4.79639321919 0.349898897742 -0.230826854852 -4.93657917494 -0.733560787506 0.144842884298 -3.87845328357 -2.52635187561 0.47815183492 -0.212166716559 -5.26480657613 -0.0903475221883 3.87482959989 -2.53621274737 0.468802809754 4.93892888989 -0.735380317033 0.139807783872 4.79818526223 0.35057036504 -0.229786643632 0.082966379335 0.863166307387 -0.373840354596 -4.79639321919 0.349898897742 -0.230826854852
-> CNT_SUB_TONGUE_4_C circle
 3 8 0 0 3 13 -2.0 -1.0 0.0 1.0 2.0 3.0 4.0 5.0 6.0 7.0 8.0 9.0 10.0 11 3.27314163379 1.12120218807 -0.244508146311 -0.087241390549 1.43372890336 -0.244118001456 -3.26561706992 1.12366605801 -0.244512542775 -3.66722200323 0.0615018454494 -0.242098844831 -3.68318727191 -0.83166054399 -0.239288292355 -0.172400448684 -3.76195530902 -0.240127854662 3.68602172438 -0.831764438705 -0.23928243865 3.67200336724 0.0638921156785 -0.242068138773 3.27314163379 1.12120218807 -0.244508146311 -0.087241390549 1.43372890336 -0.244118001456 -3.26561706992 1.12366605801 -0.244512542775
-> CNT_SUB_TONGUE_5_C circle
 3 8 0 0 3 13 -2.0 -1.0 0.0 1.0 2.0 3.0 4.0 5.0 6.0 7.0 8.0 9.0 10.0 11 2.39507943026 1.21421361497 0.00242826296685 -0.0229717266222 1.28098105922 -0.107858571418 -2.39654510543 1.21615798238 0.00262393191918 -3.70435972679 -0.763836028442 0.131140215122 -2.38418344186 -1.10661835724 -0.0297781975688 -0.00934324968018 -1.18293610932 -0.144009640301 2.38323641131 -1.09977824542 -0.0316250400945 3.70631583889 -0.755633777653 0.129002499024 2.39507943026 1.21421361497 0.00242826296685 -0.0229717266222 1.28098105922 -0.107858571418 -2.39654510543 1.21615798238 0.00262393191918
-> CNT_SUB_TONGUE_6_C circle
 3 8 0 0 3 13 -2.0 -1.0 0.0 1.0 2.0 3.0 4.0 5.0 6.0 7.0 8.0 9.0 10.0 11 1.00082452697 0.617498609065 -5.14289574792e-06 -0.0120798406372 0.598924662525 -5.14289574792e-06 -1.01683940985 0.612418044444 -5.14289574792e-06 -2.29819446387 -0.0122523185238 -5.14289574794e-06 -0.804627599447 -0.505022258233 -5.14289574792e-06 -0.0120798273557 -0.591899913249 -5.14289574792e-06 0.790086512253 -0.510984450244 -2.0085732868e-05 2.32339787956 -0.0122523185238 -5.14289574794e-06 1.00082452697 0.617498609065 -5.14289574792e-06 -0.0120798406372 0.598924662525 -5.14289574792e-06 -1.01683940985 0.612418044444 -5.14289574792e-06
-> CNT_TONGUE_1_C circle
 3 8 0 0 3 13 -2.0 -1.0 0.0 1.0 2.0 3.0 4.0 5.0 6.0 7.0 8.0 9.0 10.0 11 4.5614740919 -3.06382471202 16.5843500647 -0.0145020487383 -1.55368967628 17.4800002355 -4.55529124147 -3.06965182113 16.591217864 -4.42018310288 1.14301836379 -0.62413000142 -4.12225326473 2.8514465215 -1.78155722338 0.000699236955253 5.19220293371 -4.04869375118 4.12309684993 2.83987378679 -1.78107138135 4.42087816887 1.12864421978 -0.623810213604 4.5614740919 -3.06382471202 16.5843500647 -0.0145020487383 -1.55368967628 17.4800002355 -4.55529124147 -3.06965182113 16.591217864
-> CNT_TONGUE_2_C circle
 3 8 0 0 3 13 -2.0 -1.0 0.0 1.0 2.0 3.0 4.0 5.0 6.0 7.0 8.0 9.0 10.0 11 3.9146118875 2.46556332959 -1.10086345253e-05 -0.000334666114052 2.39984527343 4.08678914677e-07 -3.91831913032 2.46688773795 -1.10086345253e-05 -5.33560376629 0.611871154102 4.08678914677e-07 -3.51408058499 -2.51441761204 4.08678914677e-07 -0.000334666462482 -5.51541278049 4.08678914677e-07 3.51410573329 -2.51507981622 4.08678914677e-07 5.33695189578 0.611836902161 -1.10086345253e-05 3.9146118875 2.46556332959 -1.10086345253e-05 -0.000334666114052 2.39984527343 4.08678914677e-07 -3.91831913032 2.46688773795 -1.10086345253e-05
-> CNT_TONGUE_3_C circle
 3 8 0 0 3 13 -2.0 -1.0 0.0 1.0 2.0 3.0 4.0 5.0 6.0 7.0 8.0 9.0 10.0 11 5.33118641831 0.634058198307 -0.261113575165 0.0920543262082 1.20360924536 -0.421173254013 -5.32945633882 0.633312123532 -0.262269365409 -5.48521851187 -0.570531971188 0.155141455868 -4.30952307702 -2.56252206908 0.525484734337 -0.235871335896 -5.6052495141 -0.106181218005 4.30523568238 -2.57347859326 0.515096928598 5.48756822682 -0.572553670662 0.14954689984 5.33118641831 0.634058198307 -0.261113575165 0.0920543262082 1.20360924536 -0.421173254013 -5.32945633882 0.633312123532 -0.262269365409
-> CNT_TONGUE_4_C circle
 3 8 0 0 3 13 -2.0 -1.0 0.0 1.0 2.0 3.0 4.0 5.0 6.0 7.0 8.0 9.0 10.0 11 3.63666656796 1.29261363918 -0.244798219155 -0.0970923479695 1.63986554505 -0.244364724872 -3.62862088061 1.29535127244 -0.244803104115 -4.07484858428 0.115168356791 -0.24212121751 -4.09258777171 -0.87723299123 -0.238998381427 -0.191713523675 -3.96809195071 -0.239931228435 4.09542222418 -0.877349859557 -0.238991877309 4.0798462718 0.117825072501 -0.242087099668 3.63666656796 1.29261363918 -0.244798219155 -0.0970923479695 1.63986554505 -0.244364724872 -3.62862088061 1.29535127244 -0.244803104115
-> CNT_TONGUE_5_C circle
 3 8 0 0 3 13 -2.0 -1.0 0.0 1.0 2.0 3.0 4.0 5.0 6.0 7.0 8.0 9.0 10.0 11 2.66109069407 1.3436792972 0.00341303802869 -0.0256328135857 1.41786534636 -0.119127889065 -2.66293656781 1.34583970543 0.00363044797572 -4.11606392488 -0.854153639929 0.146426318201 -2.64920138607 -1.23502289415 -0.0323719181221 -0.0104900614279 -1.31982039646 -0.15929574338 2.64793178412 -1.2274227699 -0.0344239653728 4.11802003698 -0.845040027941 0.144051078092 2.66109069407 1.3436792972 0.00341303802869 -0.0256328135857 1.41786534636 -0.119127889065 -2.66293656781 1.34583970543 0.00363044797572
-> CNT_TONGUE_6_C circle
 3 8 0 0 3 13 -2.0 -1.0 0.0 1.0 2.0 3.0 4.0 5.0 6.0 7.0 8.0 9.0 10.0 11 1.11062706243 0.68468741586 -4.31273813097e-06 -0.0148222349129 0.664049697482 -4.31273813097e-06 -1.13122175626 0.679042344059 -4.31273813097e-06 -2.55494959406 -0.0150358370163 -4.31273813097e-06 -0.895430855813 -0.562557992249 -4.31273813097e-06 -0.0148222201556 -0.659088720044 -4.31273813097e-06 0.876473712742 -0.569182650039 -2.09158904866e-05 2.58015300975 -0.0150358370163 -4.31273813097e-06 1.11062706243 0.68468741586 -4.31273813097e-06 -0.0148222349129 0.664049697482 -4.31273813097e-06 -1.13122175626 0.679042344059 -4.31273813097e-06
-> CNT_WHISKER_10_L circle
 3 8 0 0 3 13 -2.0 -1.0 0.0 1.0 2.0 3.0 4.0 5.0 6.0 7.0 8.0 9.0 10.0 11 9.51964932355e-17 0.591965396066 -0.591965396066 -5.1259909009e-17 1.13819862444e-32 -0.837165491572 -1.67688951762e-16 -0.591965396066 -0.591965396066 -1.85888080833e-16 -0.837165491572 0.0 -9.51964932355e-17 -0.591965396066 0.591965396066 5.1259909009e-17 -1.13819862444e-32 0.837165491572 1.67688951762e-16 0.591965396066 0.591965396066 1.85888080833e-16 0.837165491572 8.881784197e-16 9.51964932355e-17 0.591965396066 -0.591965396066 -5.1259909009e-17 1.13819862444e-32 -0.837165491572 -1.67688951762e-16 -0.591965396066 -0.591965396066
-> CNT_WHISKER_10_R circle
 3 8 0 0 3 13 -2.0 -1.0 0.0 1.0 2.0 3.0 4.0 5.0 6.0 7.0 8.0 9.0 10.0 11 -1.7763568394e-15 0.591965396066 0.591965396066 -3.5527136788e-15 2.84217094304e-14 0.837165491572 -8.881784197e-15 -0.591965396066 0.591965396066 -1.06581410364e-14 -0.837165491572 -1.42108547152e-14 -8.881784197e-15 -0.591965396066 -0.591965396066 -7.1054273576e-15 1.42108547152e-14 -0.837165491572 -3.5527136788e-15 0.591965396066 -0.591965396066 -3.5527136788e-15 0.837165491572 -1.42108547152e-14 -1.7763568394e-15 0.591965396066 0.591965396066 -3.5527136788e-15 2.84217094304e-14 0.837165491572 -8.881784197e-15 -0.591965396066 0.591965396066
-> CNT_WHISKER_11_L circle
 3 8 0 0 3 13 -2.0 -1.0 0.0 1.0 2.0 3.0 4.0 5.0 6.0 7.0 8.0 9.0 10.0 11 9.51964932355e-17 0.591965396066 -0.591965396066 -5.1259909009e-17 1.13819862444e-32 -0.837165491572 -1.67688951762e-16 -0.591965396066 -0.591965396066 -1.85888080833e-16 -0.837165491572 0.0 -9.51964932355e-17 -0.591965396066 0.591965396066 5.1259909009e-17 -1.13819862444e-32 0.837165491572 1.67688951762e-16 0.591965396066 0.591965396066 1.85888080833e-16 0.837165491572 8.881784197e-16 9.51964932355e-17 0.591965396066 -0.591965396066 -5.1259909009e-17 1.13819862444e-32 -0.837165491572 -1.67688951762e-16 -0.591965396066 -0.591965396066
-> CNT_WHISKER_11_R circle
 3 8 0 0 3 13 -2.0 -1.0 0.0 1.0 2.0 3.0 4.0 5.0 6.0 7.0 8.0 9.0 10.0 11 1.7763568394e-14 0.591965396066 0.591965396066 1.95399252334e-14 7.1054273576e-14 0.837165491572 1.95399252334e-14 -0.591965396066 0.591965396066 2.30926389122e-14 -0.837165491572 -1.42108547152e-14 2.48689957516e-14 -0.591965396066 -0.591965396066 2.48689957516e-14 7.1054273576e-14 -0.837165491572 2.13162820728e-14 0.591965396066 -0.591965396066 1.95399252334e-14 0.837165491572 -1.42108547152e-14 1.7763568394e-14 0.591965396066 0.591965396066 1.95399252334e-14 7.1054273576e-14 0.837165491572 1.95399252334e-14 -0.591965396066 0.591965396066
-> CNT_WHISKER_12_L circle
 3 8 0 0 3 13 -2.0 -1.0 0.0 1.0 2.0 3.0 4.0 5.0 6.0 7.0 8.0 9.0 10.0 11 9.51964932355e-17 0.591965396066 -0.591965396066 -5.1259909009e-17 1.13819862444e-32 -0.837165491572 -1.67688951762e-16 -0.591965396066 -0.591965396066 -1.85888080833e-16 -0.837165491572 0.0 -9.51964932355e-17 -0.591965396066 0.591965396066 5.1259909009e-17 -1.13819862444e-32 0.837165491572 1.67688951762e-16 0.591965396066 0.591965396066 1.85888080833e-16 0.837165491572 8.881784197e-16 9.51964932355e-17 0.591965396066 -0.591965396066 -5.1259909009e-17 1.13819862444e-32 -0.837165491572 -1.67688951762e-16 -0.591965396066 -0.591965396066
-> CNT_WHISKER_12_R circle
 3 8 0 0 3 13 -2.0 -1.0 0.0 1.0 2.0 3.0 4.0 5.0 6.0 7.0 8.0 9.0 10.0 11 7.1054273576e-15 0.591965396066 0.591965396066 5.3290705182e-15 9.94759830064e-14 0.837165491572 3.5527136788e-15 -0.591965396066 0.591965396066 -8.881784197e-16 -0.837165491572 -2.84217094304e-14 -8.881784197e-16 -0.591965396066 -0.591965396066 8.881784197e-16 9.94759830064e-14 -0.837165491572 2.6645352591e-15 0.591965396066 -0.591965396066 7.1054273576e-15 0.837165491572 -1.42108547152e-14 7.1054273576e-15 0.591965396066 0.591965396066 5.3290705182e-15 9.94759830064e-14 0.837165491572 3.5527136788e-15 -0.591965396066 0.591965396066
-> CNT_WHISKER_13_L circle
 3 8 0 0 3 13 -2.0 -1.0 0.0 1.0 2.0 3.0 4.0 5.0 6.0 7.0 8.0 9.0 10.0 11 9.51964932355e-17 0.591965396066 -0.591965396066 -5.1259909009e-17 1.13819862444e-32 -0.837165491572 -1.67688951762e-16 -0.591965396066 -0.591965396066 -1.85888080833e-16 -0.837165491572 0.0 -9.51964932355e-17 -0.591965396066 0.591965396066 5.1259909009e-17 -1.13819862444e-32 0.837165491572 1.67688951762e-16 0.591965396066 0.591965396066 1.85888080833e-16 0.837165491572 8.881784197e-16 9.51964932355e-17 0.591965396066 -0.591965396066 -5.1259909009e-17 1.13819862444e-32 -0.837165491572 -1.67688951762e-16 -0.591965396066 -0.591965396066
-> CNT_WHISKER_13_R circle
 3 8 0 0 3 13 -2.0 -1.0 0.0 1.0 2.0 3.0 4.0 5.0 6.0 7.0 8.0 9.0 10.0 11 -1.06581410364e-14 0.591965396066 0.591965396066 -1.06581410364e-14 -1.42108547152e-14 0.837165491572 -1.06581410364e-14 -0.591965396066 0.591965396066 -1.7763568394e-14 -0.837165491572 0.0 -1.7763568394e-14 -0.591965396066 -0.591965396066 -1.06581410364e-14 0.0 -0.837165491572 -1.7763568394e-14 0.591965396066 -0.591965396066 -1.7763568394e-14 0.837165491572 0.0 -1.06581410364e-14 0.591965396066 0.591965396066 -1.06581410364e-14 -1.42108547152e-14 0.837165491572 -1.06581410364e-14 -0.591965396066 0.591965396066
-> CNT_WHISKER_14_L circle
 3 8 0 0 3 13 -2.0 -1.0 0.0 1.0 2.0 3.0 4.0 5.0 6.0 7.0 8.0 9.0 10.0 11 9.51964932355e-17 0.591965396066 -0.591965396066 -5.1259909009e-17 1.13819862444e-32 -0.837165491572 -1.67688951762e-16 -0.591965396066 -0.591965396066 -1.85888080833e-16 -0.837165491572 0.0 -9.51964932355e-17 -0.591965396066 0.591965396066 5.1259909009e-17 -1.13819862444e-32 0.837165491572 1.67688951762e-16 0.591965396066 0.591965396066 1.85888080833e-16 0.837165491572 8.881784197e-16 9.51964932355e-17 0.591965396066 -0.591965396066 -5.1259909009e-17 1.13819862444e-32 -0.837165491572 -1.67688951762e-16 -0.591965396066 -0.591965396066
-> CNT_WHISKER_14_R circle
 3 8 0 0 3 13 -2.0 -1.0 0.0 1.0 2.0 3.0 4.0 5.0 6.0 7.0 8.0 9.0 10.0 11 8.881784197e-15 0.591965396066 0.591965396066 1.06581410364e-14 0.0 0.837165491572 8.881784197e-15 -0.591965396066 0.591965396066 3.5527136788e-15 -0.837165491572 -2.84217094304e-14 1.42108547152e-14 -0.591965396066 -0.591965396066 1.42108547152e-14 -1.42108547152e-14 -0.837165491572 2.30926389122e-14 0.591965396066 -0.591965396066 2.13162820728e-14 0.837165491572 -7.1054273576e-14 8.881784197e-15 0.591965396066 0.591965396066 1.06581410364e-14 0.0 0.837165491572 8.881784197e-15 -0.591965396066 0.591965396066
-> CNT_WHISKER_15_L circle
 3 8 0 0 3 13 -2.0 -1.0 0.0 1.0 2.0 3.0 4.0 5.0 6.0 7.0 8.0 9.0 10.0 11 9.51964932355e-17 0.591965396066 -0.591965396066 -5.1259909009e-17 1.13819862444e-32 -0.837165491572 -1.67688951762e-16 -0.591965396066 -0.591965396066 -1.85888080833e-16 -0.837165491572 0.0 -9.51964932355e-17 -0.591965396066 0.591965396066 5.1259909009e-17 -1.13819862444e-32 0.837165491572 1.67688951762e-16 0.591965396066 0.591965396066 1.85888080833e-16 0.837165491572 8.881784197e-16 9.51964932355e-17 0.591965396066 -0.591965396066 -5.1259909009e-17 1.13819862444e-32 -0.837165491572 -1.67688951762e-16 -0.591965396066 -0.591965396066
-> CNT_WHISKER_15_R circle
 3 8 0 0 3 13 -2.0 -1.0 0.0 1.0 2.0 3.0 4.0 5.0 6.0 7.0 8.0 9.0 10.0 11 -8.43769498715e-15 0.591965396066 0.591965396066 -1.1990408666e-14 0.0 0.837165491572 -1.55431223448e-14 -0.591965396066 0.591965396066 -1.1990408666e-14 -0.837165491572 1.42108547152e-14 -1.90958360236e-14 -0.591965396066 -0.591965396066 -1.1990408666e-14 -1.42108547152e-14 -0.837165491572 -1.1990408666e-14 0.591965396066 -0.591965396066 -1.1990408666e-14 0.837165491572 0.0 -8.43769498715e-15 0.591965396066 0.591965396066 -1.1990408666e-14 0.0 0.837165491572 -1.55431223448e-14 -0.591965396066 0.591965396066
-> CNT_WHISKER_16_L circle
 3 8 0 0 3 13 -2.0 -1.0 0.0 1.0 2.0 3.0 4.0 5.0 6.0 7.0 8.0 9.0 10.0 11 9.51964932355e-17 0.591965396066 -0.591965396066 -5.1259909009e-17 1.13819862444e-32 -0.837165491572 -1.67688951762e-16 -0.591965396066 -0.591965396066 -1.85888080833e-16 -0.837165491572 0.0 -9.51964932355e-17 -0.591965396066 0.591965396066 5.1259909009e-17 -1.13819862444e-32 0.837165491572 1.67688951762e-16 0.591965396066 0.591965396066 1.85888080833e-16 0.837165491572 8.881784197e-16 9.51964932355e-17 0.591965396066 -0.591965396066 -5.1259909009e-17 1.13819862444e-32 -0.837165491572 -1.67688951762e-16 -0.591965396066 -0.591965396066
-> CNT_WHISKER_16_R circle
 3 8 0 0 3 13 -2.0 -1.0 0.0 1.0 2.0 3.0 4.0 5.0 6.0 7.0 8.0 9.0 10.0 11 0.0 0.591965396066 0.591965396066 -3.5527136788e-15 0.0 0.837165491572 -1.06581410364e-14 -0.591965396066 0.591965396066 -1.24344978758e-14 -0.837165491572 -4.26325641456e-14 -1.42108547152e-14 -0.591965396066 -0.591965396066 -7.1054273576e-15 0.0 -0.837165491572 -3.5527136788e-15 0.591965396066 -0.591965396066 -1.7763568394e-15 0.837165491572 -4.26325641456e-14 0.0 0.591965396066 0.591965396066 -3.5527136788e-15 0.0 0.837165491572 -1.06581410364e-14 -0.591965396066 0.591965396066
-> CNT_WHISKER_17_L circle
 3 8 0 0 3 13 -2.0 -1.0 0.0 1.0 2.0 3.0 4.0 5.0 6.0 7.0 8.0 9.0 10.0 11 9.51964932355e-17 0.591965396066 -0.591965396066 -5.1259909009e-17 1.13819862444e-32 -0.837165491572 -1.67688951762e-16 -0.591965396066 -0.591965396066 -1.85888080833e-16 -0.837165491572 0.0 -9.51964932355e-17 -0.591965396066 0.591965396066 5.1259909009e-17 -1.13819862444e-32 0.837165491572 1.67688951762e-16 0.591965396066 0.591965396066 1.85888080833e-16 0.837165491572 8.881784197e-16 9.51964932355e-17 0.591965396066 -0.591965396066 -5.1259909009e-17 1.13819862444e-32 -0.837165491572 -1.67688951762e-16 -0.591965396066 -0.591965396066
-> CNT_WHISKER_17_R circle
 3 8 0 0 3 13 -2.0 -1.0 0.0 1.0 2.0 3.0 4.0 5.0 6.0 7.0 8.0 9.0 10.0 11 1.59872115546e-14 0.591965396066 0.591965396066 1.59872115546e-14 4.26325641456e-14 0.837165491572 1.59872115546e-14 -0.591965396066 0.591965396066 1.42108547152e-14 -0.837165491572 -2.84217094304e-14 8.881784197e-15 -0.591965396066 -0.591965396066 1.06581410364e-14 2.84217094304e-14 -0.837165491572 8.881784197e-15 0.591965396066 -0.591965396066 1.42108547152e-14 0.837165491572 -2.84217094304e-14 1.59872115546e-14 0.591965396066 0.591965396066 1.59872115546e-14 4.26325641456e-14 0.837165491572 1.59872115546e-14 -0.591965396066 0.591965396066
-> CNT_WHISKER_18_L circle
 3 8 0 0 3 13 -2.0 -1.0 0.0 1.0 2.0 3.0 4.0 5.0 6.0 7.0 8.0 9.0 10.0 11 9.51964932355e-17 0.591965396066 -0.591965396066 -5.1259909009e-17 1.13819862444e-32 -0.837165491572 -1.67688951762e-16 -0.591965396066 -0.591965396066 -1.85888080833e-16 -0.837165491572 0.0 -9.51964932355e-17 -0.591965396066 0.591965396066 5.1259909009e-17 -1.13819862444e-32 0.837165491572 1.67688951762e-16 0.591965396066 0.591965396066 1.85888080833e-16 0.837165491572 8.881784197e-16 9.51964932355e-17 0.591965396066 -0.591965396066 -5.1259909009e-17 1.13819862444e-32 -0.837165491572 -1.67688951762e-16 -0.591965396066 -0.591965396066
-> CNT_WHISKER_18_R circle
 3 8 0 0 3 13 -2.0 -1.0 0.0 1.0 2.0 3.0 4.0 5.0 6.0 7.0 8.0 9.0 10.0 11 1.95399252334e-14 0.591965396066 0.591965396066 2.93098878501e-14 8.52651282912e-14 0.837165491572 3.19744231092e-14 -0.591965396066 0.591965396066 2.6645352591e-14 -0.837165491572 -5.68434188608e-14 1.42108547152e-14 -0.591965396066 -0.591965396066 4.4408920985e-15 9.94759830064e-14 -0.837165491572 1.7763568394e-15 0.591965396066 -0.591965396066 7.9936057773e-15 0.837165491572 -5.68434188608e-14 1.95399252334e-14 0.591965396066 0.591965396066 2.93098878501e-14 8.52651282912e-14 0.837165491572 3.19744231092e-14 -0.591965396066 0.591965396066
-> CNT_WHISKER_19_L circle
 3 8 0 0 3 13 -2.0 -1.0 0.0 1.0 2.0 3.0 4.0 5.0 6.0 7.0 8.0 9.0 10.0 11 9.51964932355e-17 0.591965396066 -0.591965396066 -5.1259909009e-17 1.13819862444e-32 -0.837165491572 -1.67688951762e-16 -0.591965396066 -0.591965396066 -1.85888080833e-16 -0.837165491572 0.0 -9.51964932355e-17 -0.591965396066 0.591965396066 5.1259909009e-17 -1.13819862444e-32 0.837165491572 1.67688951762e-16 0.591965396066 0.591965396066 1.85888080833e-16 0.837165491572 8.881784197e-16 9.51964932355e-17 0.591965396066 -0.591965396066 -5.1259909009e-17 1.13819862444e-32 -0.837165491572 -1.67688951762e-16 -0.591965396066 -0.591965396066
-> CNT_WHISKER_19_R circle
 3 8 0 0 3 13 -2.0 -1.0 0.0 1.0 2.0 3.0 4.0 5.0 6.0 7.0 8.0 9.0 10.0 11 7.1054273576e-15 0.591965396066 0.591965396066 5.3290705182e-15 -1.42108547152e-14 0.837165491572 5.3290705182e-15 -0.591965396066 0.591965396066 3.5527136788e-15 -0.837165491572 0.0 1.7763568394e-15 -0.591965396066 -0.591965396066 3.5527136788e-15 0.0 -0.837165491572 3.5527136788e-15 0.591965396066 -0.591965396066 5.3290705182e-15 0.837165491572 0.0 7.1054273576e-15 0.591965396066 0.591965396066 5.3290705182e-15 -1.42108547152e-14 0.837165491572 5.3290705182e-15 -0.591965396066 0.591965396066
-> CNT_WHISKER_1_L circle
 3 8 0 0 3 13 -2.0 -1.0 0.0 1.0 2.0 3.0 4.0 5.0 6.0 7.0 8.0 9.0 10.0 11 9.51964932355e-17 0.591965396066 -0.591965396066 -5.1259909009e-17 1.13819862444e-32 -0.837165491572 -1.67688951762e-16 -0.591965396066 -0.591965396066 -1.85888080833e-16 -0.837165491572 0.0 -9.51964932355e-17 -0.591965396066 0.591965396066 5.1259909009e-17 -1.13819862444e-32 0.837165491572 1.67688951762e-16 0.591965396066 0.591965396066 1.85888080833e-16 0.837165491572 8.881784197e-16 9.51964932355e-17 0.591965396066 -0.591965396066 -5.1259909009e-17 1.13819862444e-32 -0.837165491572 -1.67688951762e-16 -0.591965396066 -0.591965396066
-> CNT_WHISKER_1_R circle
 3 8 0 0 3 13 -2.0 -1.0 0.0 1.0 2.0 3.0 4.0 5.0 6.0 7.0 8.0 9.0 10.0 11 -7.1054273576e-15 0.591965396066 0.591965396066 -7.1054273576e-15 2.84217094304e-14 0.837165491572 -7.1054273576e-15 -0.591965396066 0.591965396066 0.0 -0.837165491572 1.42108547152e-14 -7.1054273576e-15 -0.591965396066 -0.591965396066 -7.1054273576e-15 1.42108547152e-14 -0.837165491572 -1.42108547152e-14 0.591965396066 -0.591965396066 -7.1054273576e-15 0.837165491572 -1.42108547152e-14 -7.1054273576e-15 0.591965396066 0.591965396066 -7.1054273576e-15 2.84217094304e-14 0.837165491572 -7.1054273576e-15 -0.591965396066 0.591965396066
-> CNT_WHISKER_20_L circle
 3 8 0 0 3 13 -2.0 -1.0 0.0 1.0 2.0 3.0 4.0 5.0 6.0 7.0 8.0 9.0 10.0 11 9.51964932355e-17 0.591965396066 -0.591965396066 -5.1259909009e-17 1.13819862444e-32 -0.837165491572 -1.67688951762e-16 -0.591965396066 -0.591965396066 -1.85888080833e-16 -0.837165491572 0.0 -9.51964932355e-17 -0.591965396066 0.591965396066 5.1259909009e-17 -1.13819862444e-32 0.837165491572 1.67688951762e-16 0.591965396066 0.591965396066 1.85888080833e-16 0.837165491572 8.881784197e-16 9.51964932355e-17 0.591965396066 -0.591965396066 -5.1259909009e-17 1.13819862444e-32 -0.837165491572 -1.67688951762e-16 -0.591965396066 -0.591965396066
-> CNT_WHISKER_20_R circle
 3 8 0 0 3 13 -2.0 -1.0 0.0 1.0 2.0 3.0 4.0 5.0 6.0 7.0 8.0 9.0 10.0 11 -1.42108547152e-14 0.591965396066 0.591965396066 -1.42108547152e-14 -1.42108547152e-14 0.837165491572 -1.42108547152e-14 -0.591965396066 0.591965396066 -1.42108547152e-14 -0.837165491572 4.26325641456e-14 -7.1054273576e-15 -0.591965396066 -0.591965396066 -7.1054273576e-15 -1.42108547152e-14 -0.837165491572 -7.1054273576e-15 0.591965396066 -0.591965396066 -7.1054273576e-15 0.837165491572 4.26325641456e-14 -1.42108547152e-14 0.591965396066 0.591965396066 -1.42108547152e-14 -1.42108547152e-14 0.837165491572 -1.42108547152e-14 -0.591965396066 0.591965396066
-> CNT_WHISKER_21_L circle
 3 8 0 0 3 13 -2.0 -1.0 0.0 1.0 2.0 3.0 4.0 5.0 6.0 7.0 8.0 9.0 10.0 11 9.51964932355e-17 0.591965396066 -0.591965396066 -5.1259909009e-17 1.13819862444e-32 -0.837165491572 -1.67688951762e-16 -0.591965396066 -0.591965396066 -1.85888080833e-16 -0.837165491572 0.0 -9.51964932355e-17 -0.591965396066 0.591965396066 5.1259909009e-17 -1.13819862444e-32 0.837165491572 1.67688951762e-16 0.591965396066 0.591965396066 1.85888080833e-16 0.837165491572 8.881784197e-16 9.51964932355e-17 0.591965396066 -0.591965396066 -5.1259909009e-17 1.13819862444e-32 -0.837165491572 -1.67688951762e-16 -0.591965396066 -0.591965396066
-> CNT_WHISKER_21_R circle
 3 8 0 0 3 13 -2.0 -1.0 0.0 1.0 2.0 3.0 4.0 5.0 6.0 7.0 8.0 9.0 10.0 11 -3.28626015289e-14 0.591965396066 0.591965396066 -2.22044604925e-14 5.68434188608e-14 0.837165491572 -1.15463194561e-14 -0.591965396066 0.591965396066 -1.86517468137e-14 -0.837165491572 1.42108547152e-14 -1.50990331349e-14 -0.591965396066 -0.591965396066 -2.93098878501e-14 5.68434188608e-14 -0.837165491572 -3.64153152077e-14 0.591965396066 -0.591965396066 -2.57571741713e-14 0.837165491572 1.42108547152e-14 -3.28626015289e-14 0.591965396066 0.591965396066 -2.22044604925e-14 5.68434188608e-14 0.837165491572 -1.15463194561e-14 -0.591965396066 0.591965396066
-> CNT_WHISKER_22_L circle
 3 8 0 0 3 13 -2.0 -1.0 0.0 1.0 2.0 3.0 4.0 5.0 6.0 7.0 8.0 9.0 10.0 11 9.51964932355e-17 0.591965396066 -0.591965396066 -5.1259909009e-17 1.13819862444e-32 -0.837165491572 -1.67688951762e-16 -0.591965396066 -0.591965396066 -1.85888080833e-16 -0.837165491572 0.0 -9.51964932355e-17 -0.591965396066 0.591965396066 5.1259909009e-17 -1.13819862444e-32 0.837165491572 1.67688951762e-16 0.591965396066 0.591965396066 1.85888080833e-16 0.837165491572 8.881784197e-16 9.51964932355e-17 0.591965396066 -0.591965396066 -5.1259909009e-17 1.13819862444e-32 -0.837165491572 -1.67688951762e-16 -0.591965396066 -0.591965396066
-> CNT_WHISKER_22_R circle
 3 8 0 0 3 13 -2.0 -1.0 0.0 1.0 2.0 3.0 4.0 5.0 6.0 7.0 8.0 9.0 10.0 11 -1.06581410364e-14 0.591965396066 0.591965396066 -8.881784197e-15 1.42108547152e-14 0.837165491572 -1.06581410364e-14 -0.591965396066 0.591965396066 -1.06581410364e-14 -0.837165491572 0.0 -1.24344978758e-14 -0.591965396066 -0.591965396066 -7.1054273576e-15 2.84217094304e-14 -0.837165491572 -8.881784197e-15 0.591965396066 -0.591965396066 -3.5527136788e-15 0.837165491572 -1.42108547152e-14 -1.06581410364e-14 0.591965396066 0.591965396066 -8.881784197e-15 1.42108547152e-14 0.837165491572 -1.06581410364e-14 -0.591965396066 0.591965396066
-> CNT_WHISKER_23_L circle
 3 8 0 0 3 13 -2.0 -1.0 0.0 1.0 2.0 3.0 4.0 5.0 6.0 7.0 8.0 9.0 10.0 11 9.51964932355e-17 0.591965396066 -0.591965396066 -5.1259909009e-17 1.13819862444e-32 -0.837165491572 -1.67688951762e-16 -0.591965396066 -0.591965396066 -1.85888080833e-16 -0.837165491572 0.0 -9.51964932355e-17 -0.591965396066 0.591965396066 5.1259909009e-17 -1.13819862444e-32 0.837165491572 1.67688951762e-16 0.591965396066 0.591965396066 1.85888080833e-16 0.837165491572 8.881784197e-16 9.51964932355e-17 0.591965396066 -0.591965396066 -5.1259909009e-17 1.13819862444e-32 -0.837165491572 -1.67688951762e-16 -0.591965396066 -0.591965396066
-> CNT_WHISKER_23_R circle
 3 8 0 0 3 13 -2.0 -1.0 0.0 1.0 2.0 3.0 4.0 5.0 6.0 7.0 8.0 9.0 10.0 11 -3.64153152077e-14 0.591965396066 0.591965396066 -3.64153152077e-14 7.1054273576e-14 0.837165491572 -2.93098878501e-14 -0.591965396066 0.591965396066 -3.64153152077e-14 -0.837165491572 -7.1054273576e-14 -2.93098878501e-14 -0.591965396066 -0.591965396066 -2.22044604925e-14 8.52651282912e-14 -0.837165491572 -2.93098878501e-14 0.591965396066 -0.591965396066 -2.93098878501e-14 0.837165491572 -5.68434188608e-14 -3.64153152077e-14 0.591965396066 0.591965396066 -3.64153152077e-14 7.1054273576e-14 0.837165491572 -2.93098878501e-14 -0.591965396066 0.591965396066
-> CNT_WHISKER_24_L circle
 3 8 0 0 3 13 -2.0 -1.0 0.0 1.0 2.0 3.0 4.0 5.0 6.0 7.0 8.0 9.0 10.0 11 9.51964932355e-17 0.591965396066 -0.591965396066 -5.1259909009e-17 1.13819862444e-32 -0.837165491572 -1.67688951762e-16 -0.591965396066 -0.591965396066 -1.85888080833e-16 -0.837165491572 0.0 -9.51964932355e-17 -0.591965396066 0.591965396066 5.1259909009e-17 -1.13819862444e-32 0.837165491572 1.67688951762e-16 0.591965396066 0.591965396066 1.85888080833e-16 0.837165491572 8.881784197e-16 9.51964932355e-17 0.591965396066 -0.591965396066 -5.1259909009e-17 1.13819862444e-32 -0.837165491572 -1.67688951762e-16 -0.591965396066 -0.591965396066
-> CNT_WHISKER_24_R circle
 3 8 0 0 3 13 -2.0 -1.0 0.0 1.0 2.0 3.0 4.0 5.0 6.0 7.0 8.0 9.0 10.0 11 -8.52651282912e-14 0.591965396066 0.591965396066 -8.52651282912e-14 -2.84217094304e-14 0.837165491572 -8.52651282912e-14 -0.591965396066 0.591965396066 -9.94759830064e-14 -0.837165491572 0.0 -9.23705556488e-14 -0.591965396066 -0.591965396066 -9.23705556488e-14 -4.26325641456e-14 -0.837165491572 -9.23705556488e-14 0.591965396066 -0.591965396066 -8.52651282912e-14 0.837165491572 0.0 -8.52651282912e-14 0.591965396066 0.591965396066 -8.52651282912e-14 -2.84217094304e-14 0.837165491572 -8.52651282912e-14 -0.591965396066 0.591965396066
-> CNT_WHISKER_25_L circle
 3 8 0 0 3 13 -2.0 -1.0 0.0 1.0 2.0 3.0 4.0 5.0 6.0 7.0 8.0 9.0 10.0 11 9.51964932355e-17 0.591965396066 -0.591965396066 -5.1259909009e-17 1.13819862444e-32 -0.837165491572 -1.67688951762e-16 -0.591965396066 -0.591965396066 -1.85888080833e-16 -0.837165491572 0.0 -9.51964932355e-17 -0.591965396066 0.591965396066 5.1259909009e-17 -1.13819862444e-32 0.837165491572 1.67688951762e-16 0.591965396066 0.591965396066 1.85888080833e-16 0.837165491572 8.881784197e-16 9.51964932355e-17 0.591965396066 -0.591965396066 -5.1259909009e-17 1.13819862444e-32 -0.837165491572 -1.67688951762e-16 -0.591965396066 -0.591965396066
-> CNT_WHISKER_25_R circle
 3 8 0 0 3 13 -2.0 -1.0 0.0 1.0 2.0 3.0 4.0 5.0 6.0 7.0 8.0 9.0 10.0 11 -8.881784197e-15 0.591965396066 0.591965396066 -1.42108547152e-14 1.42108547152e-14 0.837165491572 -1.24344978758e-14 -0.591965396066 0.591965396066 -1.24344978758e-14 -0.837165491572 0.0 -1.24344978758e-14 -0.591965396066 -0.591965396066 -1.42108547152e-14 1.42108547152e-14 -0.837165491572 -8.881784197e-15 0.591965396066 -0.591965396066 -1.24344978758e-14 0.837165491572 0.0 -8.881784197e-15 0.591965396066 0.591965396066 -1.42108547152e-14 1.42108547152e-14 0.837165491572 -1.24344978758e-14 -0.591965396066 0.591965396066
-> CNT_WHISKER_26_L circle
 3 8 0 0 3 13 -2.0 -1.0 0.0 1.0 2.0 3.0 4.0 5.0 6.0 7.0 8.0 9.0 10.0 11 9.51964932355e-17 0.591965396066 -0.591965396066 -5.1259909009e-17 1.13819862444e-32 -0.837165491572 -1.67688951762e-16 -0.591965396066 -0.591965396066 -1.85888080833e-16 -0.837165491572 0.0 -9.51964932355e-17 -0.591965396066 0.591965396066 5.1259909009e-17 -1.13819862444e-32 0.837165491572 1.67688951762e-16 0.591965396066 0.591965396066 1.85888080833e-16 0.837165491572 8.881784197e-16 9.51964932355e-17 0.591965396066 -0.591965396066 -5.1259909009e-17 1.13819862444e-32 -0.837165491572 -1.67688951762e-16 -0.591965396066 -0.591965396066
-> CNT_WHISKER_26_R circle
 3 8 0 0 3 13 -2.0 -1.0 0.0 1.0 2.0 3.0 4.0 5.0 6.0 7.0 8.0 9.0 10.0 11 -7.1054273576e-15 0.591965396066 0.591965396066 -8.881784197e-15 -1.42108547152e-14 0.837165491572 -5.3290705182e-15 -0.591965396066 0.591965396066 -5.3290705182e-15 -0.837165491572 -1.42108547152e-14 -3.5527136788e-15 -0.591965396066 -0.591965396066 -8.881784197e-15 0.0 -0.837165491572 -5.3290705182e-15 0.591965396066 -0.591965396066 -5.3290705182e-15 0.837165491572 0.0 -7.1054273576e-15 0.591965396066 0.591965396066 -8.881784197e-15 -1.42108547152e-14 0.837165491572 -5.3290705182e-15 -0.591965396066 0.591965396066
-> CNT_WHISKER_27_L circle
 3 8 0 0 3 13 -2.0 -1.0 0.0 1.0 2.0 3.0 4.0 5.0 6.0 7.0 8.0 9.0 10.0 11 9.51964932355e-17 0.591965396066 -0.591965396066 -5.1259909009e-17 1.13819862444e-32 -0.837165491572 -1.67688951762e-16 -0.591965396066 -0.591965396066 -1.85888080833e-16 -0.837165491572 0.0 -9.51964932355e-17 -0.591965396066 0.591965396066 5.1259909009e-17 -1.13819862444e-32 0.837165491572 1.67688951762e-16 0.591965396066 0.591965396066 1.85888080833e-16 0.837165491572 8.881784197e-16 9.51964932355e-17 0.591965396066 -0.591965396066 -5.1259909009e-17 1.13819862444e-32 -0.837165491572 -1.67688951762e-16 -0.591965396066 -0.591965396066
-> CNT_WHISKER_27_R circle
 3 8 0 0 3 13 -2.0 -1.0 0.0 1.0 2.0 3.0 4.0 5.0 6.0 7.0 8.0 9.0 10.0 11 7.1054273576e-15 0.591965396066 0.591965396066 8.881784197e-15 1.42108547152e-14 0.837165491572 1.06581410364e-14 -0.591965396066 0.591965396066 5.3290705182e-15 -0.837165491572 1.42108547152e-14 3.5527136788e-15 -0.591965396066 -0.591965396066 0.0 1.42108547152e-14 -0.837165491572 0.0 0.591965396066 -0.591965396066 1.7763568394e-15 0.837165491572 0.0 7.1054273576e-15 0.591965396066 0.591965396066 8.881784197e-15 1.42108547152e-14 0.837165491572 1.06581410364e-14 -0.591965396066 0.591965396066
-> CNT_WHISKER_28_L circle
 3 8 0 0 3 13 -2.0 -1.0 0.0 1.0 2.0 3.0 4.0 5.0 6.0 7.0 8.0 9.0 10.0 11 9.51964932355e-17 0.591965396066 -0.591965396066 -5.1259909009e-17 1.13819862444e-32 -0.837165491572 -1.67688951762e-16 -0.591965396066 -0.591965396066 -1.85888080833e-16 -0.837165491572 0.0 -9.51964932355e-17 -0.591965396066 0.591965396066 5.1259909009e-17 -1.13819862444e-32 0.837165491572 1.67688951762e-16 0.591965396066 0.591965396066 1.85888080833e-16 0.837165491572 8.881784197e-16 9.51964932355e-17 0.591965396066 -0.591965396066 -5.1259909009e-17 1.13819862444e-32 -0.837165491572 -1.67688951762e-16 -0.591965396066 -0.591965396066
-> CNT_WHISKER_28_R circle
 3 8 0 0 3 13 -2.0 -1.0 0.0 1.0 2.0 3.0 4.0 5.0 6.0 7.0 8.0 9.0 10.0 11 -7.1054273576e-15 0.591965396066 0.591965396066 -1.06581410364e-14 0.0 0.837165491572 -1.06581410364e-14 -0.591965396066 0.591965396066 -7.1054273576e-15 -0.837165491572 0.0 -3.5527136788e-15 -0.591965396066 -0.591965396066 -7.1054273576e-15 0.0 -0.837165491572 -3.5527136788e-15 0.591965396066 -0.591965396066 -1.06581410364e-14 0.837165491572 -1.42108547152e-14 -7.1054273576e-15 0.591965396066 0.591965396066 -1.06581410364e-14 0.0 0.837165491572 -1.06581410364e-14 -0.591965396066 0.591965396066
-> CNT_WHISKER_29_L circle
 3 8 0 0 3 13 -2.0 -1.0 0.0 1.0 2.0 3.0 4.0 5.0 6.0 7.0 8.0 9.0 10.0 11 9.51964932355e-17 0.591965396066 -0.591965396066 -5.1259909009e-17 1.13819862444e-32 -0.837165491572 -1.67688951762e-16 -0.591965396066 -0.591965396066 -1.85888080833e-16 -0.837165491572 0.0 -9.51964932355e-17 -0.591965396066 0.591965396066 5.1259909009e-17 -1.13819862444e-32 0.837165491572 1.67688951762e-16 0.591965396066 0.591965396066 1.85888080833e-16 0.837165491572 8.881784197e-16 9.51964932355e-17 0.591965396066 -0.591965396066 -5.1259909009e-17 1.13819862444e-32 -0.837165491572 -1.67688951762e-16 -0.591965396066 -0.591965396066
-> CNT_WHISKER_29_R circle
 3 8 0 0 3 13 -2.0 -1.0 0.0 1.0 2.0 3.0 4.0 5.0 6.0 7.0 8.0 9.0 10.0 11 5.3290705182e-15 0.591965396066 0.591965396066 8.881784197e-15 -1.42108547152e-14 0.837165491572 1.7763568394e-15 -0.591965396066 0.591965396066 5.3290705182e-15 -0.837165491572 2.84217094304e-14 -5.3290705182e-15 -0.591965396066 -0.591965396066 -8.881784197e-15 -2.84217094304e-14 -0.837165491572 -5.3290705182e-15 0.591965396066 -0.591965396066 -1.7763568394e-15 0.837165491572 2.84217094304e-14 5.3290705182e-15 0.591965396066 0.591965396066 8.881784197e-15 -1.42108547152e-14 0.837165491572 1.7763568394e-15 -0.591965396066 0.591965396066
-> CNT_WHISKER_2_L circle
 3 8 0 0 3 13 -2.0 -1.0 0.0 1.0 2.0 3.0 4.0 5.0 6.0 7.0 8.0 9.0 10.0 11 9.51964932355e-17 0.591965396066 -0.591965396066 -5.1259909009e-17 1.13819862444e-32 -0.837165491572 -1.67688951762e-16 -0.591965396066 -0.591965396066 -1.85888080833e-16 -0.837165491572 0.0 -9.51964932355e-17 -0.591965396066 0.591965396066 5.1259909009e-17 -1.13819862444e-32 0.837165491572 1.67688951762e-16 0.591965396066 0.591965396066 1.85888080833e-16 0.837165491572 8.881784197e-16 9.51964932355e-17 0.591965396066 -0.591965396066 -5.1259909009e-17 1.13819862444e-32 -0.837165491572 -1.67688951762e-16 -0.591965396066 -0.591965396066
-> CNT_WHISKER_2_R circle
 3 8 0 0 3 13 -2.0 -1.0 0.0 1.0 2.0 3.0 4.0 5.0 6.0 7.0 8.0 9.0 10.0 11 8.881784197e-15 0.591965396066 0.591965396066 7.1054273576e-15 0.0 0.837165491572 7.1054273576e-15 -0.591965396066 0.591965396066 1.24344978758e-14 -0.837165491572 1.42108547152e-14 8.881784197e-15 -0.591965396066 -0.591965396066 1.06581410364e-14 -1.42108547152e-14 -0.837165491572 8.881784197e-15 0.591965396066 -0.591965396066 5.3290705182e-15 0.837165491572 1.42108547152e-14 8.881784197e-15 0.591965396066 0.591965396066 7.1054273576e-15 0.0 0.837165491572 7.1054273576e-15 -0.591965396066 0.591965396066
-> CNT_WHISKER_30_L circle
 3 8 0 0 3 13 -2.0 -1.0 0.0 1.0 2.0 3.0 4.0 5.0 6.0 7.0 8.0 9.0 10.0 11 9.51964932355e-17 0.591965396066 -0.591965396066 -5.1259909009e-17 1.13819862444e-32 -0.837165491572 -1.67688951762e-16 -0.591965396066 -0.591965396066 -1.85888080833e-16 -0.837165491572 0.0 -9.51964932355e-17 -0.591965396066 0.591965396066 5.1259909009e-17 -1.13819862444e-32 0.837165491572 1.67688951762e-16 0.591965396066 0.591965396066 1.85888080833e-16 0.837165491572 8.881784197e-16 9.51964932355e-17 0.591965396066 -0.591965396066 -5.1259909009e-17 1.13819862444e-32 -0.837165491572 -1.67688951762e-16 -0.591965396066 -0.591965396066
-> CNT_WHISKER_30_R circle
 3 8 0 0 3 13 -2.0 -1.0 0.0 1.0 2.0 3.0 4.0 5.0 6.0 7.0 8.0 9.0 10.0 11 -3.5527136788e-15 0.591965396066 0.591965396066 -7.1054273576e-15 0.0 0.837165491572 -3.5527136788e-15 -0.591965396066 0.591965396066 -3.5527136788e-15 -0.837165491572 -5.68434188608e-14 1.06581410364e-14 -0.591965396066 -0.591965396066 1.42108547152e-14 0.0 -0.837165491572 1.7763568394e-14 0.591965396066 -0.591965396066 3.5527136788e-15 0.837165491572 -5.68434188608e-14 -3.5527136788e-15 0.591965396066 0.591965396066 -7.1054273576e-15 0.0 0.837165491572 -3.5527136788e-15 -0.591965396066 0.591965396066
-> CNT_WHISKER_31_L circle
 3 8 0 0 3 13 -2.0 -1.0 0.0 1.0 2.0 3.0 4.0 5.0 6.0 7.0 8.0 9.0 10.0 11 9.51964932355e-17 0.591965396066 -0.591965396066 -5.1259909009e-17 1.13819862444e-32 -0.837165491572 -1.67688951762e-16 -0.591965396066 -0.591965396066 -1.85888080833e-16 -0.837165491572 0.0 -9.51964932355e-17 -0.591965396066 0.591965396066 5.1259909009e-17 -1.13819862444e-32 0.837165491572 1.67688951762e-16 0.591965396066 0.591965396066 1.85888080833e-16 0.837165491572 8.881784197e-16 9.51964932355e-17 0.591965396066 -0.591965396066 -5.1259909009e-17 1.13819862444e-32 -0.837165491572 -1.67688951762e-16 -0.591965396066 -0.591965396066
-> CNT_WHISKER_31_R circle
 3 8 0 0 3 13 -2.0 -1.0 0.0 1.0 2.0 3.0 4.0 5.0 6.0 7.0 8.0 9.0 10.0 11 -1.24344978758e-14 0.591965396066 0.591965396066 -1.95399252334e-14 1.42108547152e-14 0.837165491572 -1.95399252334e-14 -0.591965396066 0.591965396066 -1.24344978758e-14 -0.837165491572 0.0 -2.6645352591e-14 -0.591965396066 -0.591965396066 -1.59872115546e-14 2.84217094304e-14 -0.837165491572 -1.24344978758e-14 0.591965396066 -0.591965396066 -1.95399252334e-14 0.837165491572 1.42108547152e-14 -1.24344978758e-14 0.591965396066 0.591965396066 -1.95399252334e-14 1.42108547152e-14 0.837165491572 -1.95399252334e-14 -0.591965396066 0.591965396066
-> CNT_WHISKER_32_L circle
 3 8 0 0 3 13 -2.0 -1.0 0.0 1.0 2.0 3.0 4.0 5.0 6.0 7.0 8.0 9.0 10.0 11 9.51964932355e-17 0.591965396066 -0.591965396066 -5.1259909009e-17 1.13819862444e-32 -0.837165491572 -1.67688951762e-16 -0.591965396066 -0.591965396066 -1.85888080833e-16 -0.837165491572 0.0 -9.51964932355e-17 -0.591965396066 0.591965396066 5.1259909009e-17 -1.13819862444e-32 0.837165491572 1.67688951762e-16 0.591965396066 0.591965396066 1.85888080833e-16 0.837165491572 8.881784197e-16 9.51964932355e-17 0.591965396066 -0.591965396066 -5.1259909009e-17 1.13819862444e-32 -0.837165491572 -1.67688951762e-16 -0.591965396066 -0.591965396066
-> CNT_WHISKER_32_R circle
 3 8 0 0 3 13 -2.0 -1.0 0.0 1.0 2.0 3.0 4.0 5.0 6.0 7.0 8.0 9.0 10.0 11 -1.24344978758e-14 0.591965396066 0.591965396066 -5.3290705182e-15 2.84217094304e-14 0.837165491572 1.7763568394e-15 -0.591965396066 0.591965396066 8.881784197e-15 -0.837165491572 0.0 8.881784197e-15 -0.591965396066 -0.591965396066 8.881784197e-15 2.84217094304e-14 -0.837165491572 -5.3290705182e-15 0.591965396066 -0.591965396066 -5.3290705182e-15 0.837165491572 1.42108547152e-14 -1.24344978758e-14 0.591965396066 0.591965396066 -5.3290705182e-15 2.84217094304e-14 0.837165491572 1.7763568394e-15 -0.591965396066 0.591965396066
-> CNT_WHISKER_33_L circle
 3 8 0 0 3 13 -2.0 -1.0 0.0 1.0 2.0 3.0 4.0 5.0 6.0 7.0 8.0 9.0 10.0 11 9.51964932355e-17 0.591965396066 -0.591965396066 -5.1259909009e-17 1.13819862444e-32 -0.837165491572 -1.67688951762e-16 -0.591965396066 -0.591965396066 -1.85888080833e-16 -0.837165491572 0.0 -9.51964932355e-17 -0.591965396066 0.591965396066 5.1259909009e-17 -1.13819862444e-32 0.837165491572 1.67688951762e-16 0.591965396066 0.591965396066 1.85888080833e-16 0.837165491572 8.881784197e-16 9.51964932355e-17 0.591965396066 -0.591965396066 -5.1259909009e-17 1.13819862444e-32 -0.837165491572 -1.67688951762e-16 -0.591965396066 -0.591965396066
-> CNT_WHISKER_33_R circle
 3 8 0 0 3 13 -2.0 -1.0 0.0 1.0 2.0 3.0 4.0 5.0 6.0 7.0 8.0 9.0 10.0 11 4.26325641456e-14 0.591965396066 0.591965396066 4.26325641456e-14 -1.13686837722e-13 0.837165491572 3.5527136788e-14 -0.591965396066 0.591965396066 4.26325641456e-14 -0.837165491572 -4.26325641456e-14 5.68434188608e-14 -0.591965396066 -0.591965396066 4.26325641456e-14 -9.94759830064e-14 -0.837165491572 3.5527136788e-14 0.591965396066 -0.591965396066 2.84217094304e-14 0.837165491572 -5.68434188608e-14 4.26325641456e-14 0.591965396066 0.591965396066 4.26325641456e-14 -1.13686837722e-13 0.837165491572 3.5527136788e-14 -0.591965396066 0.591965396066
-> CNT_WHISKER_34_L circle
 3 8 0 0 3 13 -2.0 -1.0 0.0 1.0 2.0 3.0 4.0 5.0 6.0 7.0 8.0 9.0 10.0 11 9.51964932355e-17 0.591965396066 -0.591965396066 -5.1259909009e-17 1.13819862444e-32 -0.837165491572 -1.67688951762e-16 -0.591965396066 -0.591965396066 -1.85888080833e-16 -0.837165491572 0.0 -9.51964932355e-17 -0.591965396066 0.591965396066 5.1259909009e-17 -1.13819862444e-32 0.837165491572 1.67688951762e-16 0.591965396066 0.591965396066 1.85888080833e-16 0.837165491572 8.881784197e-16 9.51964932355e-17 0.591965396066 -0.591965396066 -5.1259909009e-17 1.13819862444e-32 -0.837165491572 -1.67688951762e-16 -0.591965396066 -0.591965396066
-> CNT_WHISKER_34_R circle
 3 8 0 0 3 13 -2.0 -1.0 0.0 1.0 2.0 3.0 4.0 5.0 6.0 7.0 8.0 9.0 10.0 11 -3.5527136788e-15 0.591965396066 0.591965396066 3.5527136788e-15 0.0 0.837165491572 -3.5527136788e-15 -0.591965396066 0.591965396066 0.0 -0.837165491572 -1.42108547152e-14 -3.5527136788e-15 -0.591965396066 -0.591965396066 -3.5527136788e-15 0.0 -0.837165491572 -3.5527136788e-15 0.591965396066 -0.591965396066 -7.1054273576e-15 0.837165491572 0.0 -3.5527136788e-15 0.591965396066 0.591965396066 3.5527136788e-15 0.0 0.837165491572 -3.5527136788e-15 -0.591965396066 0.591965396066
-> CNT_WHISKER_35_L circle
 3 8 0 0 3 13 -2.0 -1.0 0.0 1.0 2.0 3.0 4.0 5.0 6.0 7.0 8.0 9.0 10.0 11 9.51964932355e-17 0.591965396066 -0.591965396066 -5.1259909009e-17 1.13819862444e-32 -0.837165491572 -1.67688951762e-16 -0.591965396066 -0.591965396066 -1.85888080833e-16 -0.837165491572 0.0 -9.51964932355e-17 -0.591965396066 0.591965396066 5.1259909009e-17 -1.13819862444e-32 0.837165491572 1.67688951762e-16 0.591965396066 0.591965396066 1.85888080833e-16 0.837165491572 8.881784197e-16 9.51964932355e-17 0.591965396066 -0.591965396066 -5.1259909009e-17 1.13819862444e-32 -0.837165491572 -1.67688951762e-16 -0.591965396066 -0.591965396066
-> CNT_WHISKER_35_R circle
 3 8 0 0 3 13 -2.0 -1.0 0.0 1.0 2.0 3.0 4.0 5.0 6.0 7.0 8.0 9.0 10.0 11 -1.42108547152e-14 0.591965396066 0.591965396066 0.0 2.84217094304e-14 0.837165491572 -1.42108547152e-14 -0.591965396066 0.591965396066 -1.42108547152e-14 -0.837165491572 0.0 0.0 -0.591965396066 -0.591965396066 -1.42108547152e-14 2.84217094304e-14 -0.837165491572 0.0 0.591965396066 -0.591965396066 0.0 0.837165491572 -1.42108547152e-14 -1.42108547152e-14 0.591965396066 0.591965396066 0.0 2.84217094304e-14 0.837165491572 -1.42108547152e-14 -0.591965396066 0.591965396066
-> CNT_WHISKER_36_L circle
 3 8 0 0 3 13 -2.0 -1.0 0.0 1.0 2.0 3.0 4.0 5.0 6.0 7.0 8.0 9.0 10.0 11 9.51964932355e-17 0.591965396066 -0.591965396066 -5.1259909009e-17 1.13819862444e-32 -0.837165491572 -1.67688951762e-16 -0.591965396066 -0.591965396066 -1.85888080833e-16 -0.837165491572 0.0 -9.51964932355e-17 -0.591965396066 0.591965396066 5.1259909009e-17 -1.13819862444e-32 0.837165491572 1.67688951762e-16 0.591965396066 0.591965396066 1.85888080833e-16 0.837165491572 8.881784197e-16 9.51964932355e-17 0.591965396066 -0.591965396066 -5.1259909009e-17 1.13819862444e-32 -0.837165491572 -1.67688951762e-16 -0.591965396066 -0.591965396066
-> CNT_WHISKER_36_R circle
 3 8 0 0 3 13 -2.0 -1.0 0.0 1.0 2.0 3.0 4.0 5.0 6.0 7.0 8.0 9.0 10.0 11 0.0 0.591965396066 0.591965396066 -1.42108547152e-14 9.94759830064e-14 0.837165491572 -2.84217094304e-14 -0.591965396066 0.591965396066 -2.84217094304e-14 -0.837165491572 7.1054273576e-15 -1.42108547152e-14 -0.591965396066 -0.591965396066 -2.84217094304e-14 -2.84217094304e-14 -0.837165491572 -1.42108547152e-14 0.591965396066 -0.591965396066 -1.42108547152e-14 0.837165491572 -1.27897692437e-13 0.0 0.591965396066 0.591965396066 -1.42108547152e-14 9.94759830064e-14 0.837165491572 -2.84217094304e-14 -0.591965396066 0.591965396066
-> CNT_WHISKER_3_L circle
 3 8 0 0 3 13 -2.0 -1.0 0.0 1.0 2.0 3.0 4.0 5.0 6.0 7.0 8.0 9.0 10.0 11 9.51964932355e-17 0.591965396066 -0.591965396066 -5.1259909009e-17 1.13819862444e-32 -0.837165491572 -1.67688951762e-16 -0.591965396066 -0.591965396066 -1.85888080833e-16 -0.837165491572 0.0 -9.51964932355e-17 -0.591965396066 0.591965396066 5.1259909009e-17 -1.13819862444e-32 0.837165491572 1.67688951762e-16 0.591965396066 0.591965396066 1.85888080833e-16 0.837165491572 8.881784197e-16 9.51964932355e-17 0.591965396066 -0.591965396066 -5.1259909009e-17 1.13819862444e-32 -0.837165491572 -1.67688951762e-16 -0.591965396066 -0.591965396066
-> CNT_WHISKER_3_R circle
 3 8 0 0 3 13 -2.0 -1.0 0.0 1.0 2.0 3.0 4.0 5.0 6.0 7.0 8.0 9.0 10.0 11 0.0 0.591965396066 0.591965396066 -3.5527136788e-15 -9.94759830064e-14 0.837165491572 -7.1054273576e-15 -0.591965396066 0.591965396066 -7.1054273576e-15 -0.837165491572 -5.68434188608e-14 3.5527136788e-15 -0.591965396066 -0.591965396066 7.1054273576e-15 9.94759830064e-14 -0.837165491572 7.1054273576e-15 0.591965396066 -0.591965396066 7.1054273576e-15 0.837165491572 1.13686837722e-13 0.0 0.591965396066 0.591965396066 -3.5527136788e-15 -9.94759830064e-14 0.837165491572 -7.1054273576e-15 -0.591965396066 0.591965396066
-> CNT_WHISKER_4_L circle
 3 8 0 0 3 13 -2.0 -1.0 0.0 1.0 2.0 3.0 4.0 5.0 6.0 7.0 8.0 9.0 10.0 11 9.51964932355e-17 0.591965396066 -0.591965396066 -5.1259909009e-17 1.13819862444e-32 -0.837165491572 -1.67688951762e-16 -0.591965396066 -0.591965396066 -1.85888080833e-16 -0.837165491572 0.0 -9.51964932355e-17 -0.591965396066 0.591965396066 5.1259909009e-17 -1.13819862444e-32 0.837165491572 1.67688951762e-16 0.591965396066 0.591965396066 1.85888080833e-16 0.837165491572 8.881784197e-16 9.51964932355e-17 0.591965396066 -0.591965396066 -5.1259909009e-17 1.13819862444e-32 -0.837165491572 -1.67688951762e-16 -0.591965396066 -0.591965396066
-> CNT_WHISKER_4_R circle
 3 8 0 0 3 13 -2.0 -1.0 0.0 1.0 2.0 3.0 4.0 5.0 6.0 7.0 8.0 9.0 10.0 11 -7.1054273576e-15 0.591965396066 0.591965396066 -1.7763568394e-14 0.0 0.837165491572 -1.42108547152e-14 -0.591965396066 0.591965396066 -1.7763568394e-14 -0.837165491572 -1.42108547152e-14 -2.13162820728e-14 -0.591965396066 -0.591965396066 -1.42108547152e-14 0.0 -0.837165491572 -1.42108547152e-14 0.591965396066 -0.591965396066 -1.06581410364e-14 0.837165491572 0.0 -7.1054273576e-15 0.591965396066 0.591965396066 -1.7763568394e-14 0.0 0.837165491572 -1.42108547152e-14 -0.591965396066 0.591965396066
-> CNT_WHISKER_5_L circle
 3 8 0 0 3 13 -2.0 -1.0 0.0 1.0 2.0 3.0 4.0 5.0 6.0 7.0 8.0 9.0 10.0 11 9.51964932355e-17 0.591965396066 -0.591965396066 -5.1259909009e-17 1.13819862444e-32 -0.837165491572 -1.67688951762e-16 -0.591965396066 -0.591965396066 -1.85888080833e-16 -0.837165491572 0.0 -9.51964932355e-17 -0.591965396066 0.591965396066 5.1259909009e-17 -1.13819862444e-32 0.837165491572 1.67688951762e-16 0.591965396066 0.591965396066 1.85888080833e-16 0.837165491572 8.881784197e-16 9.51964932355e-17 0.591965396066 -0.591965396066 -5.1259909009e-17 1.13819862444e-32 -0.837165491572 -1.67688951762e-16 -0.591965396066 -0.591965396066
-> CNT_WHISKER_5_R circle
 3 8 0 0 3 13 -2.0 -1.0 0.0 1.0 2.0 3.0 4.0 5.0 6.0 7.0 8.0 9.0 10.0 11 1.42108547152e-14 0.591965396066 0.591965396066 1.06581410364e-14 5.68434188608e-14 0.837165491572 3.5527136788e-15 -0.591965396066 0.591965396066 0.0 -0.837165491572 -4.26325641456e-14 3.5527136788e-15 -0.591965396066 -0.591965396066 3.5527136788e-15 2.84217094304e-14 -0.837165491572 1.42108547152e-14 0.591965396066 -0.591965396066 1.42108547152e-14 0.837165491572 -7.1054273576e-14 1.42108547152e-14 0.591965396066 0.591965396066 1.06581410364e-14 5.68434188608e-14 0.837165491572 3.5527136788e-15 -0.591965396066 0.591965396066
-> CNT_WHISKER_6_L circle
 3 8 0 0 3 13 -2.0 -1.0 0.0 1.0 2.0 3.0 4.0 5.0 6.0 7.0 8.0 9.0 10.0 11 9.51964932355e-17 0.591965396066 -0.591965396066 -5.1259909009e-17 1.13819862444e-32 -0.837165491572 -1.67688951762e-16 -0.591965396066 -0.591965396066 -1.85888080833e-16 -0.837165491572 0.0 -9.51964932355e-17 -0.591965396066 0.591965396066 5.1259909009e-17 -1.13819862444e-32 0.837165491572 1.67688951762e-16 0.591965396066 0.591965396066 1.85888080833e-16 0.837165491572 8.881784197e-16 9.51964932355e-17 0.591965396066 -0.591965396066 -5.1259909009e-17 1.13819862444e-32 -0.837165491572 -1.67688951762e-16 -0.591965396066 -0.591965396066
-> CNT_WHISKER_6_R circle
 3 8 0 0 3 13 -2.0 -1.0 0.0 1.0 2.0 3.0 4.0 5.0 6.0 7.0 8.0 9.0 10.0 11 1.49880108324e-14 0.591965396066 0.591965396066 1.49880108324e-14 -1.13686837722e-13 0.837165491572 1.49880108324e-14 -0.591965396066 0.591965396066 1.3211653993e-14 -0.837165491572 -5.68434188608e-14 9.65894031424e-15 -0.591965396066 -0.591965396066 6.10622663544e-15 -5.68434188608e-14 -0.837165491572 6.10622663544e-15 0.591965396066 -0.591965396066 9.65894031424e-15 0.837165491572 1.42108547152e-14 1.49880108324e-14 0.591965396066 0.591965396066 1.49880108324e-14 -1.13686837722e-13 0.837165491572 1.49880108324e-14 -0.591965396066 0.591965396066
-> CNT_WHISKER_7_L circle
 3 8 0 0 3 13 -2.0 -1.0 0.0 1.0 2.0 3.0 4.0 5.0 6.0 7.0 8.0 9.0 10.0 11 9.51964932355e-17 0.591965396066 -0.591965396066 -5.1259909009e-17 1.13819862444e-32 -0.837165491572 -1.67688951762e-16 -0.591965396066 -0.591965396066 -1.85888080833e-16 -0.837165491572 0.0 -9.51964932355e-17 -0.591965396066 0.591965396066 5.1259909009e-17 -1.13819862444e-32 0.837165491572 1.67688951762e-16 0.591965396066 0.591965396066 1.85888080833e-16 0.837165491572 8.881784197e-16 9.51964932355e-17 0.591965396066 -0.591965396066 -5.1259909009e-17 1.13819862444e-32 -0.837165491572 -1.67688951762e-16 -0.591965396066 -0.591965396066
-> CNT_WHISKER_7_R circle
 3 8 0 0 3 13 -2.0 -1.0 0.0 1.0 2.0 3.0 4.0 5.0 6.0 7.0 8.0 9.0 10.0 11 8.881784197e-16 0.591965396066 0.591965396066 8.881784197e-16 2.84217094304e-14 0.837165491572 1.7763568394e-15 -0.591965396066 0.591965396066 2.6645352591e-15 -0.837165491572 -1.42108547152e-14 1.7763568394e-15 -0.591965396066 -0.591965396066 8.881784197e-16 2.84217094304e-14 -0.837165491572 8.881784197e-16 0.591965396066 -0.591965396066 8.881784197e-16 0.837165491572 -2.84217094304e-14 8.881784197e-16 0.591965396066 0.591965396066 8.881784197e-16 2.84217094304e-14 0.837165491572 1.7763568394e-15 -0.591965396066 0.591965396066
-> CNT_WHISKER_8_L circle
 3 8 0 0 3 13 -2.0 -1.0 0.0 1.0 2.0 3.0 4.0 5.0 6.0 7.0 8.0 9.0 10.0 11 9.51964932355e-17 0.591965396066 -0.591965396066 -5.1259909009e-17 1.13819862444e-32 -0.837165491572 -1.67688951762e-16 -0.591965396066 -0.591965396066 -1.85888080833e-16 -0.837165491572 0.0 -9.51964932355e-17 -0.591965396066 0.591965396066 5.1259909009e-17 -1.13819862444e-32 0.837165491572 1.67688951762e-16 0.591965396066 0.591965396066 1.85888080833e-16 0.837165491572 8.881784197e-16 9.51964932355e-17 0.591965396066 -0.591965396066 -5.1259909009e-17 1.13819862444e-32 -0.837165491572 -1.67688951762e-16 -0.591965396066 -0.591965396066
-> CNT_WHISKER_8_R circle
 3 8 0 0 3 13 -2.0 -1.0 0.0 1.0 2.0 3.0 4.0 5.0 6.0 7.0 8.0 9.0 10.0 11 5.3290705182e-15 0.591965396066 0.591965396066 8.881784197e-15 -1.42108547152e-14 0.837165491572 1.7763568394e-15 -0.591965396066 0.591965396066 -3.5527136788e-15 -0.837165491572 1.42108547152e-14 -5.3290705182e-15 -0.591965396066 -0.591965396066 -7.1054273576e-15 -1.42108547152e-14 -0.837165491572 0.0 0.591965396066 -0.591965396066 5.3290705182e-15 0.837165491572 1.42108547152e-14 5.3290705182e-15 0.591965396066 0.591965396066 8.881784197e-15 -1.42108547152e-14 0.837165491572 1.7763568394e-15 -0.591965396066 0.591965396066
-> CNT_WHISKER_9_L circle
 3 8 0 0 3 13 -2.0 -1.0 0.0 1.0 2.0 3.0 4.0 5.0 6.0 7.0 8.0 9.0 10.0 11 9.51964932355e-17 0.591965396066 -0.591965396066 -5.1259909009e-17 1.13819862444e-32 -0.837165491572 -1.67688951762e-16 -0.591965396066 -0.591965396066 -1.85888080833e-16 -0.837165491572 0.0 -9.51964932355e-17 -0.591965396066 0.591965396066 5.1259909009e-17 -1.13819862444e-32 0.837165491572 1.67688951762e-16 0.591965396066 0.591965396066 1.85888080833e-16 0.837165491572 8.881784197e-16 9.51964932355e-17 0.591965396066 -0.591965396066 -5.1259909009e-17 1.13819862444e-32 -0.837165491572 -1.67688951762e-16 -0.591965396066 -0.591965396066
-> CNT_WHISKER_9_R circle
 3 8 0 0 3 13 -2.0 -1.0 0.0 1.0 2.0 3.0 4.0 5.0 6.0 7.0 8.0 9.0 10.0 11 2.13162820728e-14 0.591965396066 0.591965396066 2.13162820728e-14 2.84217094304e-14 0.837165491572 2.13162820728e-14 -0.591965396066 0.591965396066 7.1054273576e-15 -0.837165491572 4.26325641456e-14 7.1054273576e-15 -0.591965396066 -0.591965396066 0.0 1.42108547152e-14 -0.837165491572 7.1054273576e-15 0.591965396066 -0.591965396066 1.42108547152e-14 0.837165491572 2.84217094304e-14 2.13162820728e-14 0.591965396066 0.591965396066 2.13162820728e-14 2.84217094304e-14 0.837165491572 2.13162820728e-14 -0.591965396066 0.591965396066
