-> CNT_EAR_L circle
 3 8 0 0 3 13 -2.0 -1.0 0.0 1.0 2.0 3.0 4.0 5.0 6.0 7.0 8.0 9.0 10.0 11 3.3773099976567353 3.227383894840012 -1.4683615642320795 2.544420191565895 4.447172988679564 0.08134333801388532 1.38378739092953 3.658851409064239 1.698333361416911 0.5752945494253672 1.3242072458203051 2.4353976804892574 0.592545808524644 -1.1891566135386271 1.860774013460266 1.4254356146154774 -2.408945707378188 0.31106911121430536 2.5860684152518383 -1.6206241277628743 -1.3059209121887194 3.3945612567560124 0.7140200354810657 -2.0429852312610746 3.3773099976567353 3.227383894840012 -1.4683615642320795 2.544420191565895 4.447172988679564 0.08134333801388532 1.38378739092953 3.658851409064239 1.698333361416911
-> CNT_EAR_R circle
 3 8 0 0 3 13 -2.0 -1.0 0.0 1.0 2.0 3.0 4.0 5.0 6.0 7.0 8.0 9.0 10.0 11 -3.3773099976567345 -3.227383894840017 1.468361564232079 -2.5444201915658944 -4.447172988679569 -0.08134333801388571 -1.3837873909295304 -3.6588514090642263 -1.6983333614169114 -0.575294549425367 -1.324207245820304 -2.435397680489258 -0.592545808524644 1.1891566135386142 -1.860774013460266 -1.425435614615477 2.4089457073781944 -0.3110691112143047 -2.5860684152518374 1.6206241277628806 1.3059209121887196 -3.3945612567560133 -0.7140200354810702 2.0429852312610746 -3.3773099976567345 -3.227383894840017 1.468361564232079 -2.5444201915658944 -4.447172988679569 -0.08134333801388571 -1.3837873909295304 -3.6588514090642263 -1.6983333614169114
-> CNT_EYES_1 square
 1 4 2 0 3 5 0.0 1.0 2.0 3.0 4.0 5 -1.5 -0.5500000591205312 0.5 -1.5 0.5500000591205312 0.5 1.5 0.5500000591205312 0.5 1.5 -0.5500000591205312 0.5 -1.5 -0.5500000591205312 0.5
-> CNT_EYE_1_L circle
 3 8 0 0 3 13 -2.0 -1.0 0.0 1.0 2.0 3.0 4.0 5.0 6.0 7.0 8.0 9.0 10.0 11 0.591965396066 0.591965396066 3.62462292633e-17 0.0 0.837165491572 5.1259909009e-17 -0.591965396066 0.591965396066 3.62462292633e-17 -0.837165491572 0.0 1.59770989074e-32 -0.591965396066 -0.591965396066 -3.62462292633e-17 0.0 -0.837165491572 -5.1259909009e-17 0.591965396066 -0.591965396066 -3.62462292633e-17 0.837165491572 -8.881784197e-16 -2.7531693462e-32 0.591965396066 0.591965396066 3.62462292633e-17 0.0 0.837165491572 5.1259909009e-17 -0.591965396066 0.591965396066 3.62462292633e-17
-> CNT_EYE_1_R circle
 3 8 0 0 3 13 -2.0 -1.0 0.0 1.0 2.0 3.0 4.0 5.0 6.0 7.0 8.0 9.0 10.0 11 0.591965396066 0.591965396066 3.62462292633e-17 0.0 0.837165491572 5.1259909009e-17 -0.591965396066 0.591965396066 3.62462292633e-17 -0.837165491572 0.0 1.59770989074e-32 -0.591965396066 -0.591965396066 -3.62462292633e-17 0.0 -0.837165491572 -5.1259909009e-17 0.591965396066 -0.591965396066 -3.62462292633e-17 0.837165491572 -8.881784197e-16 -2.7531693462e-32 0.591965396066 0.591965396066 3.62462292633e-17 0.0 0.837165491572 5.1259909009e-17 -0.591965396066 0.591965396066 3.62462292633e-17
-> CNT_JAW line
 3 4 0 0 3 9 0.0 0.0 0.0 0.333333333333 0.5 0.666666666667 0.833333333333 0.833333333333 0.833333333333 7 -8.327251844561196 0.3630715840826326 2.218068904761374 -3.3333333387700024 -8.217053998038324 9.28927742321767 -1.6666666644950028 -8.217053998038324 9.28927742321767 -7.642792953716952e-15 -8.217053998038324 9.28927742321767 1.6666666644949975 -8.217053998038324 9.28927742321767 3.333333338769997 -8.217053998038324 9.28927742321767 8.327251844561168 0.3630715840826326 2.218068904761374
-> CNT_NOSE circle
 3 8 0 0 3 13 -2.0 -1.0 0.0 1.0 2.0 3.0 4.0 5.0 6.0 7.0 8.0 9.0 10.0 11 0.6141873369390572 0.6141873369390572 3.4885123684940282 0.0 0.8685920617369265 3.4885123684940282 -0.6141873369390572 0.6141873369390572 3.4885123684940282 -0.8685920617369265 0.0 3.4885123684940282 -0.6141873369390572 -0.6141873369390572 3.4885123684940282 0.0 -0.8685920617369265 3.4885123684940282 0.6141873369390572 -0.6141873369390572 3.4885123684940282 0.8685920617369265 -9.21519977261412e-16 3.4885123684940282 0.6141873369390572 0.6141873369390572 3.4885123684940282 0.0 0.8685920617369265 3.4885123684940282 -0.6141873369390572 0.6141873369390572 3.4885123684940282
-> CNT_SUB_EYE_1_L circle
 3 8 0 0 3 13 -2.0 -1.0 0.0 1.0 2.0 3.0 4.0 5.0 6.0 7.0 8.0 9.0 10.0 11 0.4735723168528 0.4735723168528 2.0 0.0 0.6697323932576 2.0 -0.4735723168528 0.4735723168528 2.0 -0.6697323932576 0.0 2.0 -0.4735723168528 -0.4735723168528 2.0 0.0 -0.6697323932576 2.0 0.4735723168528 -0.4735723168528 2.0 0.6697323932576 -7.1054273576e-16 2.0 0.4735723168528 0.4735723168528 2.0 0.0 0.6697323932576 2.0 -0.4735723168528 0.4735723168528 2.0
-> CNT_SUB_EYE_1_R circle
 3 8 0 0 3 13 -2.0 -1.0 0.0 1.0 2.0 3.0 4.0 5.0 6.0 7.0 8.0 9.0 10.0 11 0.4735723168528 0.4735723168528 2.0 0.0 0.6697323932576 2.0 -0.4735723168528 0.4735723168528 2.0 -0.6697323932576 0.0 2.0 -0.4735723168528 -0.4735723168528 2.0 0.0 -0.6697323932576 2.0 0.4735723168528 -0.4735723168528 2.0 0.6697323932576 -7.1054273576e-16 2.0 0.4735723168528 0.4735723168528 2.0 0.0 0.6697323932576 2.0 -0.4735723168528 0.4735723168528 2.0