-> CNT_BROWS_1_L square
 1 4 2 0 3 5 0.0 1.0 2.0 3.0 4.0 5 -2.20762380974 0.267946878906 4.06540659455 -1.89395490883 0.962996990978 4.06540659455 -0.485183117731 0.962996990978 4.06540659455 -0.171514216823 0.267946878906 4.06540659455 -2.20762380974 0.267946878906 4.06540659455
-> CNT_BROWS_1_R square
 1 4 2 0 3 5 0.0 1.0 2.0 3.0 4.0 5 -2.20762380974 0.267946878906 4.06540659455 -1.89395490883 0.962996990978 4.06540659455 -0.485183117731 0.962996990978 4.06540659455 -0.171514216823 0.267946878906 4.06540659455 -2.20762380974 0.267946878906 4.06540659455
-> CNT_BROW_1_L square
 1 4 2 0 3 5 0.0 1.0 2.0 3.0 4.0 5 -0.16 -0.16 1.85560255198 -0.16 0.16 1.85560255198 0.16 0.16 1.85560255198 0.16 -0.16 1.85560255198 -0.16 -0.16 1.85560255198
-> CNT_BROW_1_R square
 1 4 2 0 3 5 0.0 1.0 2.0 3.0 4.0 5 -0.16 -0.16 1.85560255198 -0.16 0.16 1.85560255198 0.16 0.16 1.85560255198 0.16 -0.16 1.85560255198 -0.16 -0.16 1.85560255198
-> CNT_BROW_2_L square
 1 4 2 0 3 5 0.0 1.0 2.0 3.0 4.0 5 -0.16 -0.16 1.85560255198 -0.16 0.16 1.85560255198 0.16 0.16 1.85560255198 0.16 -0.16 1.85560255198 -0.16 -0.16 1.85560255198
-> CNT_BROW_2_R square
 1 4 2 0 3 5 0.0 1.0 2.0 3.0 4.0 5 -0.16 -0.16 1.85560255198 -0.16 0.16 1.85560255198 0.16 0.16 1.85560255198 0.16 -0.16 1.85560255198 -0.16 -0.16 1.85560255198
-> CNT_BROW_3_L square
 1 4 2 0 3 5 0.0 1.0 2.0 3.0 4.0 5 -0.16 -0.16 1.85560255198 -0.16 0.16 1.85560255198 0.16 0.16 1.85560255198 0.16 -0.16 1.85560255198 -0.16 -0.16 1.85560255198
-> CNT_BROW_3_R square
 1 4 2 0 3 5 0.0 1.0 2.0 3.0 4.0 5 -0.16 -0.16 1.85560255198 -0.16 0.16 1.85560255198 0.16 0.16 1.85560255198 0.16 -0.16 1.85560255198 -0.16 -0.16 1.85560255198
-> CNT_BROW_4_L square
 1 4 2 0 3 5 0.0 1.0 2.0 3.0 4.0 5 -0.16 -0.16 1.85560255198 -0.16 0.16 1.85560255198 0.16 0.16 1.85560255198 0.16 -0.16 1.85560255198 -0.16 -0.16 1.85560255198
-> CNT_BROW_4_R square
 1 4 2 0 3 5 0.0 1.0 2.0 3.0 4.0 5 -0.16 -0.16 1.85560255198 -0.16 0.16 1.85560255198 0.16 0.16 1.85560255198 0.16 -0.16 1.85560255198 -0.16 -0.16 1.85560255198
-> CNT_BROW_5_L square
 1 4 2 0 3 5 0.0 1.0 2.0 3.0 4.0 5 -0.16 -0.16 1.85560255198 -0.16 0.16 1.85560255198 0.16 0.16 1.85560255198 0.16 -0.16 1.85560255198 -0.16 -0.16 1.85560255198
-> CNT_BROW_5_R square
 1 4 2 0 3 5 0.0 1.0 2.0 3.0 4.0 5 -0.16 -0.16 1.85560255198 -0.16 0.16 1.85560255198 0.16 0.16 1.85560255198 0.16 -0.16 1.85560255198 -0.16 -0.16 1.85560255198
-> CNT_BTM_LIP_1_C line
 3 4 0 0 3 9 0.0 0.0 0.0 0.333333333333 0.5 0.666666666667 0.833333333333 0.833333333333 0.833333333333 7 -1.14604529173 -0.604437881739 3.87091423563 -0.926586462348 -0.604437881739 4.03480547225 -0.430011596352 -0.604437881739 4.18354927114 -4.89594458954e-15 -0.604437881739 4.21138055796 0.430011596352 -0.604437881739 4.18354927114 0.926586462348 -0.604437881739 4.03480547225 1.14604529173 -0.604437881739 3.87091423563
-> CNT_BTM_TEETH_1_C line
 3 4 0 0 3 9 0.0 0.0 0.0 0.333333333333 0.5 0.666666666667 0.833333333333 0.833333333333 0.833333333333 7 -2.0 0.0 0.0 -1.33333333551 0.0 0.0 -0.666666665798 0.0 0.0 -2.01232129074e-15 0.0 0.0 0.666666665798 0.0 0.0 1.33333333551 0.0 0.0 2.0 0.0 0.0
-> CNT_CHEEK_1_L circle
 3 8 0 0 3 13 -2.0 -1.0 0.0 1.0 2.0 3.0 4.0 5.0 6.0 7.0 8.0 9.0 10.0 11 1.79598269803 0.591965396066 -0.512657071154 1.91858274579 1.13819862444e-32 -0.725006582873 1.79598269803 -0.591965396066 -0.512657071154 1.5 -0.837165491572 0.0 1.20401730197 -0.591965396066 0.512657071154 1.08141725421 -1.13819862444e-32 0.725006582873 1.20401730197 0.591965396066 0.512657071154 1.5 0.837165491572 7.77156117238e-16 1.79598269803 0.591965396066 -0.512657071154 1.91858274579 1.13819862444e-32 -0.725006582873 1.79598269803 -0.591965396066 -0.512657071154
-> CNT_CHEEK_1_R circle
 3 8 0 0 3 13 -2.0 -1.0 0.0 1.0 2.0 3.0 4.0 5.0 6.0 7.0 8.0 9.0 10.0 11 -1.79598269803 0.591965396066 -0.512657071154 -1.91858274579 0.0 -0.725006582873 -1.79598269803 -0.591965396066 -0.512657071154 -1.5 -0.837165491572 0.0 -1.20401730197 -0.591965396066 0.512657071154 -1.08141725421 0.0 0.725006582873 -1.20401730197 0.591965396066 0.512657071154 -1.5 0.837165491572 8.881784197e-16 -1.79598269803 0.591965396066 -0.512657071154 -1.91858274579 0.0 -0.725006582873 -1.79598269803 -0.591965396066 -0.512657071154
-> CNT_CHEEK_2_L circle
3 8 0 0 3 13 -2.0 -1.0 0.0 1.0 2.0 3.0 4.0 5.0 6.0 7.0 8.0 9.0 10.0 11 1.7758961882 1.0873868779e-16 -1.7758961882 0.0 1.53779727027e-16 -2.51149647472 -1.7758961882 1.0873868779e-16 -1.7758961882 -2.51149647472 4.79312967222e-32 0.0 -1.7758961882 -1.0873868779e-16 1.7758961882 0.0 -1.53779727027e-16 2.51149647472 1.7758961882 -1.0873868779e-16 1.7758961882 2.51149647472 -8.2595080386e-32 2.6645352591e-15 1.7758961882 1.0873868779e-16 -1.7758961882 0.0 1.53779727027e-16 -2.51149647472 -1.7758961882 1.0873868779e-16 -1.7758961882
-> CNT_CHEEK_2_R circle
3 8 0 0 3 13 -2.0 -1.0 0.0 1.0 2.0 3.0 4.0 5.0 6.0 7.0 8.0 9.0 10.0 11 -1.7758961882 0.0 -1.7758961882 0.0 0.0 -2.51149647472 1.7758961882 0.0 -1.7758961882 2.51149647472 0.0 0.0 1.7758961882 0.0 1.7758961882 0.0 0.0 2.51149647472 -1.7758961882 0.0 1.7758961882 -2.51149647472 0.0 3.5527136788e-15 -1.7758961882 0.0 -1.7758961882 0.0 0.0 -2.51149647472 1.7758961882 0.0 -1.7758961882
-> CNT_CHEEK_3_L circle
3 8 0 0 3 13 -2.0 -1.0 0.0 1.0 2.0 3.0 4.0 5.0 6.0 7.0 8.0 9.0 10.0 11 1.7758961882 1.0873868779e-16 -1.7758961882 0.0 1.53779727027e-16 -2.51149647472 -1.7758961882 1.0873868779e-16 -1.7758961882 -2.51149647472 4.79312967222e-32 0.0 -1.7758961882 -1.0873868779e-16 1.7758961882 0.0 -1.53779727027e-16 2.51149647472 1.7758961882 -1.0873868779e-16 1.7758961882 2.51149647472 -8.2595080386e-32 2.6645352591e-15 1.7758961882 1.0873868779e-16 -1.7758961882 0.0 1.53779727027e-16 -2.51149647472 -1.7758961882 1.0873868779e-16 -1.7758961882
-> CNT_CHEEK_3_R circle
3 8 0 0 3 13 -2.0 -1.0 0.0 1.0 2.0 3.0 4.0 5.0 6.0 7.0 8.0 9.0 10.0 11 -1.7758961882 0.0 -1.7758961882 0.0 0.0 -2.51149647472 1.7758961882 0.0 -1.7758961882 2.51149647472 0.0 0.0 1.7758961882 0.0 1.7758961882 0.0 0.0 2.51149647472 -1.7758961882 0.0 1.7758961882 -2.51149647472 0.0 1.7763568394e-15 -1.7758961882 0.0 -1.7758961882 0.0 0.0 -2.51149647472 1.7758961882 0.0 -1.7758961882
-> CNT_EAR_1_L circle
 3 8 0 0 3 13 -2.0 -1.0 0.0 1.0 2.0 3.0 4.0 5.0 6.0 7.0 8.0 9.0 10.0 11 2.02524444888 1.50520594266 -2.28791990909 1.90373300383 -0.0492348902181 -2.45742053422 1.48271788353 -1.47785906397 -1.80872456644 0.831572345223 -2.84024216753 -0.540854069645 0.531609222125 -1.7454779137 0.581174366345 0.708402698436 -0.19767644378 0.604832930668 0.839711288975 1.1534335414 0.685347266921 1.57031350394 2.91058233527 -0.665861550336 2.02524444888 1.50520594266 -2.28791990909 1.90373300383 -0.0492348902181 -2.45742053422 1.48271788353 -1.47785906397 -1.80872456644
-> CNT_EAR_1_R circle
 3 8 0 0 3 13 -2.0 -1.0 0.0 1.0 2.0 3.0 4.0 5.0 6.0 7.0 8.0 9.0 10.0 11 2.02524444888 -1.50520594266 -2.28791990909 1.90373300383 0.0492348902181 -2.45742053422 1.48271788353 1.47785906397 -1.80872456644 0.831572345223 2.84024216753 -0.540854069645 0.531609222125 1.7454779137 0.581174366345 0.708402698436 0.19767644378 0.604832930668 0.839711288975 -1.1534335414 0.685347266921 1.57031350394 -2.91058233527 -0.665861550336 2.02524444888 -1.50520594266 -2.28791990909 1.90373300383 0.0492348902181 -2.45742053422 1.48271788353 1.47785906397 -1.80872456644
-> CNT_EAR_2_L circle
 3 8 0 0 3 13 -2.0 -1.0 0.0 1.0 2.0 3.0 4.0 5.0 6.0 7.0 8.0 9.0 10.0 11 0.979638629897 1.09464777931 -1.15908435932 0.794672608684 0.538570125412 -1.41814290639 0.697016124485 -0.0544605541562 -1.19605296704 0.74387502129 -0.337054930209 -0.622911815675 0.907799992868 -0.143673049905 -0.0344577656091 1.09276601408 0.412404603991 0.224600781461 1.19042249828 1.00543528356 0.00251084211066 1.14356360148 1.28802965961 -0.570630309256 0.979638629897 1.09464777931 -1.15908435932 0.794672608684 0.538570125412 -1.41814290639 0.697016124485 -0.0544605541562 -1.19605296704
-> CNT_EAR_2_R circle
 3 8 0 0 3 13 -2.0 -1.0 0.0 1.0 2.0 3.0 4.0 5.0 6.0 7.0 8.0 9.0 10.0 11 -0.979638629897 -1.09464777931 1.15908435932 -0.794672608684 -0.538570125413 1.41814290639 -0.697016124485 0.0544605541556 1.19605296704 -0.74387502129 0.337054930209 0.622911815675 -0.907799992868 0.143673049905 0.0344577656093 -1.09276601408 -0.412404603991 -0.224600781461 -1.19042249828 -1.00543528356 -0.00251084211102 -1.14356360148 -1.28802965961 0.570630309255 -0.979638629897 -1.09464777931 1.15908435932 -0.794672608684 -0.538570125413 1.41814290639 -0.697016124485 0.0544605541556 1.19605296704
-> CNT_EAR_3_L circle
3 8 0 0 3 13 -2.0 -1.0 0.0 1.0 2.0 3.0 4.0 5.0 6.0 7.0 8.0 9.0 10.0 11 0.591965396066 3.62462292633e-17 -0.591965396066 0.0 5.1259909009e-17 -0.837165491572 -0.591965396066 3.62462292633e-17 -0.591965396066 -0.837165491572 1.59770989074e-32 0.0 -0.591965396066 -3.62462292633e-17 0.591965396066 0.0 -5.1259909009e-17 0.837165491572 0.591965396066 -3.62462292633e-17 0.591965396066 0.837165491572 -2.7531693462e-32 8.881784197e-16 0.591965396066 3.62462292633e-17 -0.591965396066 0.0 5.1259909009e-17 -0.837165491572 -0.591965396066 3.62462292633e-17 -0.591965396066
-> CNT_EAR_3_R circle
3 8 0 0 3 13 -2.0 -1.0 0.0 1.0 2.0 3.0 4.0 5.0 6.0 7.0 8.0 9.0 10.0 11 -0.591965396066 1.24344978758e-13 0.591965396066 -2.84217094304e-14 1.70530256582e-13 0.837165491572 0.591965396066 1.172395514e-13 0.591965396066 0.837165491572 -3.5527136788e-15 2.13162820728e-14 0.591965396066 -1.06581410364e-13 -0.591965396066 1.13686837722e-13 -1.45661260831e-13 -0.837165491572 -0.591965396066 -9.23705556488e-14 -0.591965396066 -0.837165491572 2.13162820728e-14 -3.5527136788e-14 -0.591965396066 1.24344978758e-13 0.591965396066 -2.84217094304e-14 1.70530256582e-13 0.837165491572 0.591965396066 1.172395514e-13 0.591965396066
-> CNT_EAR_4_L circle
3 8 0 0 3 13 -2.0 -1.0 0.0 1.0 2.0 3.0 4.0 5.0 6.0 7.0 8.0 9.0 10.0 11 0.591965396066 3.62462292633e-17 -0.591965396066 0.0 5.1259909009e-17 -0.837165491572 -0.591965396066 3.62462292633e-17 -0.591965396066 -0.837165491572 1.59770989074e-32 0.0 -0.591965396066 -3.62462292633e-17 0.591965396066 0.0 -5.1259909009e-17 0.837165491572 0.591965396066 -3.62462292633e-17 0.591965396066 0.837165491572 -2.7531693462e-32 8.881784197e-16 0.591965396066 3.62462292633e-17 -0.591965396066 0.0 5.1259909009e-17 -0.837165491572 -0.591965396066 3.62462292633e-17 -0.591965396066
-> CNT_EAR_4_R circle
3 8 0 0 3 13 -2.0 -1.0 0.0 1.0 2.0 3.0 4.0 5.0 6.0 7.0 8.0 9.0 10.0 11 -0.591965396066 1.56319401867e-13 0.591965396066 0.0 1.81188397619e-13 0.837165491572 0.591965396066 1.06581410364e-13 0.591965396066 0.837165491572 -1.42108547152e-14 -1.7763568394e-15 0.591965396066 -1.13686837722e-13 -0.591965396066 0.0 -1.42108547152e-13 -0.837165491572 -0.591965396066 -7.1054273576e-14 -0.591965396066 -0.837165491572 5.68434188608e-14 -1.59872115546e-14 -0.591965396066 1.56319401867e-13 0.591965396066 0.0 1.81188397619e-13 0.837165491572 0.591965396066 1.06581410364e-13 0.591965396066
-> CNT_EAR_5_L circle
3 8 0 0 3 13 -2.0 -1.0 0.0 1.0 2.0 3.0 4.0 5.0 6.0 7.0 8.0 9.0 10.0 11 0.591965396066 3.62462292633e-17 -0.591965396066 0.0 5.1259909009e-17 -0.837165491572 -0.591965396066 3.62462292633e-17 -0.591965396066 -0.837165491572 1.59770989074e-32 0.0 -0.591965396066 -3.62462292633e-17 0.591965396066 0.0 -5.1259909009e-17 0.837165491572 0.591965396066 -3.62462292633e-17 0.591965396066 0.837165491572 -2.7531693462e-32 8.881784197e-16 0.591965396066 3.62462292633e-17 -0.591965396066 0.0 5.1259909009e-17 -0.837165491572 -0.591965396066 3.62462292633e-17 -0.591965396066
-> CNT_EAR_5_R circle
3 8 0 0 3 13 -2.0 -1.0 0.0 1.0 2.0 3.0 4.0 5.0 6.0 7.0 8.0 9.0 10.0 11 -0.591965396066 1.12798659302e-13 0.591965396066 2.84217094304e-14 1.54543045028e-13 0.837165491572 0.591965396066 1.12798659302e-13 0.591965396066 0.837165491572 1.59872115546e-14 -3.5527136788e-15 0.591965396066 -7.63833440942e-14 -0.591965396066 0.0 -1.1812772982e-13 -0.837165491572 -0.591965396066 -7.63833440942e-14 -0.591965396066 -0.837165491572 1.86517468137e-14 -7.1054273576e-15 -0.591965396066 1.12798659302e-13 0.591965396066 2.84217094304e-14 1.54543045028e-13 0.837165491572 0.591965396066 1.12798659302e-13 0.591965396066
-> CNT_EYELID_BTM_2_L circle
 3 8 0 0 3 13 -2.0 -1.0 0.0 1.0 2.0 3.0 4.0 5.0 6.0 7.0 8.0 9.0 10.0 11 0.147991349016 0.147991349017 1.1 0.0 0.209291372893 1.1 -0.147991349016 0.147991349017 1.1 -0.209291372893 8.86907153685e-49 1.1 -0.147991349016 -0.147991349017 1.1 0.0 -0.209291372893 1.1 0.147991349016 -0.147991349017 1.1 0.209291372893 -2.22044604925e-16 1.1 0.147991349016 0.147991349017 1.1 0.0 0.209291372893 1.1 -0.147991349016 0.147991349017 1.1
-> CNT_EYELID_BTM_2_R circle
 3 8 0 0 3 13 -2.0 -1.0 0.0 1.0 2.0 3.0 4.0 5.0 6.0 7.0 8.0 9.0 10.0 11 0.147991349016 0.147991349017 1.1 0.0 0.209291372893 1.1 -0.147991349016 0.147991349017 1.1 -0.209291372893 8.86907153685e-49 1.1 -0.147991349016 -0.147991349017 1.1 0.0 -0.209291372893 1.1 0.147991349016 -0.147991349017 1.1 0.209291372893 -2.22044604925e-16 1.1 0.147991349016 0.147991349017 1.1 0.0 0.209291372893 1.1 -0.147991349016 0.147991349017 1.1
-> CNT_EYELID_BTM_3_L circle
 3 8 0 0 3 13 -2.0 -1.0 0.0 1.0 2.0 3.0 4.0 5.0 6.0 7.0 8.0 9.0 10.0 11 0.147991349016 0.147991349017 0.738801305587 -3.5527136788e-15 0.209291372893 0.738801305587 -0.147991349016 0.147991349017 0.738801305587 -0.209291372893 0.0 0.738801305587 -0.147991349016 -0.147991349017 0.738801305587 -3.5527136788e-15 -0.209291372893 0.738801305587 0.147991349016 -0.147991349017 0.738801305587 0.209291372893 -2.22044604925e-16 0.738801305587 0.147991349016 0.147991349017 0.738801305587 -3.5527136788e-15 0.209291372893 0.738801305587 -0.147991349016 0.147991349017 0.738801305587
-> CNT_EYELID_BTM_3_R circle
 3 8 0 0 3 13 -2.0 -1.0 0.0 1.0 2.0 3.0 4.0 5.0 6.0 7.0 8.0 9.0 10.0 11 -0.147991349013 0.147991349018 0.738801305587 2.75690581475e-12 0.209291372894 0.738801305587 0.147991349019 0.147991349018 0.738801305587 0.209291372896 7.1054273576e-13 0.738801305587 0.147991349019 -0.147991349016 0.738801305587 2.74980038739e-12 -0.209291372892 0.738801305587 -0.147991349013 -0.147991349016 0.738801305587 -0.20929137289 7.38964445191e-13 0.738801305587 -0.147991349013 0.147991349018 0.738801305587 2.75690581475e-12 0.209291372894 0.738801305587 0.147991349019 0.147991349018 0.738801305587
-> CNT_EYELID_BTM_4_L circle
 3 8 0 0 3 13 -2.0 -1.0 0.0 1.0 2.0 3.0 4.0 5.0 6.0 7.0 8.0 9.0 10.0 11 0.147991349016 0.147991349017 0.738801305587 -3.5527136788e-15 0.209291372893 0.738801305587 -0.147991349016 0.147991349017 0.738801305587 -0.209291372893 0.0 0.738801305587 -0.147991349016 -0.147991349017 0.738801305587 -3.5527136788e-15 -0.209291372893 0.738801305587 0.147991349016 -0.147991349017 0.738801305587 0.209291372893 -2.22044604925e-16 0.738801305587 0.147991349016 0.147991349017 0.738801305587 -3.5527136788e-15 0.209291372893 0.738801305587 -0.147991349016 0.147991349017 0.738801305587
-> CNT_EYELID_BTM_4_R circle
 3 8 0 0 3 13 -2.0 -1.0 0.0 1.0 2.0 3.0 4.0 5.0 6.0 7.0 8.0 9.0 10.0 11 -0.147991349013 0.147991349017 0.738801305587 2.74269496003e-12 0.209291372893 0.738801305587 0.147991349019 0.147991349017 0.738801305587 0.209291372896 2.84217094304e-13 0.738801305587 0.147991349019 -0.147991349017 0.738801305587 2.73558953268e-12 -0.209291372893 0.738801305587 -0.147991349013 -0.147991349017 0.738801305587 -0.20929137289 2.84217094304e-13 0.738801305587 -0.147991349013 0.147991349017 0.738801305587 2.74269496003e-12 0.209291372893 0.738801305587 0.147991349019 0.147991349017 0.738801305587
-> CNT_EYELID_BTM_5_L circle
 3 8 0 0 3 13 -2.0 -1.0 0.0 1.0 2.0 3.0 4.0 5.0 6.0 7.0 8.0 9.0 10.0 11 0.147991349016 0.147991349017 0.738801305587 -3.5527136788e-15 0.209291372893 0.738801305587 -0.147991349016 0.147991349017 0.738801305587 -0.209291372893 0.0 0.738801305587 -0.147991349016 -0.147991349017 0.738801305587 -3.5527136788e-15 -0.209291372893 0.738801305587 0.147991349016 -0.147991349017 0.738801305587 0.209291372893 -2.22044604925e-16 0.738801305587 0.147991349016 0.147991349017 0.738801305587 -3.5527136788e-15 0.209291372893 0.738801305587 -0.147991349016 0.147991349017 0.738801305587
-> CNT_EYELID_BTM_5_R circle
 3 8 0 0 3 13 -2.0 -1.0 0.0 1.0 2.0 3.0 4.0 5.0 6.0 7.0 8.0 9.0 10.0 11 -0.147991349013 0.147991349018 0.738801305587 2.84572365672e-12 0.209291372893 0.738801305587 0.147991349019 0.147991349018 0.738801305587 0.209291372896 5.11590769747e-13 0.738801305587 0.147991349019 -0.147991349016 0.738801305587 2.83861822936e-12 -0.209291372892 0.738801305587 -0.147991349013 -0.147991349016 0.738801305587 -0.20929137289 5.40012479178e-13 0.738801305587 -0.147991349013 0.147991349018 0.738801305587 2.84572365672e-12 0.209291372893 0.738801305587 0.147991349019 0.147991349018 0.738801305587
-> CNT_EYELID_BTM_6_L circle
 3 8 0 0 3 13 -2.0 -1.0 0.0 1.0 2.0 3.0 4.0 5.0 6.0 7.0 8.0 9.0 10.0 11 0.147991349016 0.147991349017 1.1 0.0 0.209291372893 1.1 -0.147991349016 0.147991349017 1.1 -0.209291372893 8.86907153685e-49 1.1 -0.147991349016 -0.147991349017 1.1 0.0 -0.209291372893 1.1 0.147991349016 -0.147991349017 1.1 0.209291372893 -2.22044604925e-16 1.1 0.147991349016 0.147991349017 1.1 0.0 0.209291372893 1.1 -0.147991349016 0.147991349017 1.1
-> CNT_EYELID_BTM_6_R circle
 3 8 0 0 3 13 -2.0 -1.0 0.0 1.0 2.0 3.0 4.0 5.0 6.0 7.0 8.0 9.0 10.0 11 0.147991349016 0.147991349017 1.1 0.0 0.209291372893 1.1 -0.147991349016 0.147991349017 1.1 -0.209291372893 8.86907153685e-49 1.1 -0.147991349016 -0.147991349017 1.1 0.0 -0.209291372893 1.1 0.147991349016 -0.147991349017 1.1 0.209291372893 -2.22044604925e-16 1.1 0.147991349016 0.147991349017 1.1 0.0 0.209291372893 1.1 -0.147991349016 0.147991349017 1.1
-> CNT_EYELID_TOP_1_L circle
 3 8 0 0 3 13 -2.0 -1.0 0.0 1.0 2.0 3.0 4.0 5.0 6.0 7.0 8.0 9.0 10.0 11 0.147991349016 0.147991349017 0.78965714163 0.0 0.209291372893 0.78965714163 -0.147991349016 0.147991349017 0.78965714163 -0.209291372893 0.0 0.78965714163 -0.147991349016 -0.147991349017 0.78965714163 0.0 -0.209291372893 0.78965714163 0.147991349016 -0.147991349017 0.78965714163 0.209291372893 -2.22044604925e-16 0.78965714163 0.147991349016 0.147991349017 0.78965714163 0.0 0.209291372893 0.78965714163 -0.147991349016 0.147991349017 0.78965714163
-> CNT_EYELID_TOP_1_R circle
 3 8 0 0 3 13 -2.0 -1.0 0.0 1.0 2.0 3.0 4.0 5.0 6.0 7.0 8.0 9.0 10.0 11 -0.147991349013 0.147991349018 0.789657141629 2.71782596428e-12 0.209291372894 0.789657141629 0.147991349019 0.147991349018 0.789657141629 0.209291372896 5.11590769747e-13 0.789657141629 0.147991349019 -0.147991349016 0.789657141629 2.71072053692e-12 -0.209291372892 0.789657141629 -0.147991349013 -0.147991349017 0.789657141629 -0.20929137289 5.11590769747e-13 0.789657141629 -0.147991349013 0.147991349018 0.789657141629 2.71782596428e-12 0.209291372894 0.789657141629 0.147991349019 0.147991349018 0.789657141629
-> CNT_EYELID_TOP_2_L circle
 3 8 0 0 3 13 -2.0 -1.0 0.0 1.0 2.0 3.0 4.0 5.0 6.0 7.0 8.0 9.0 10.0 11 0.147991349016 0.147991349017 1.1 0.0 0.209291372893 1.1 -0.147991349016 0.147991349017 1.1 -0.209291372893 8.86907153685e-49 1.1 -0.147991349016 -0.147991349017 1.1 0.0 -0.209291372893 1.1 0.147991349016 -0.147991349017 1.1 0.209291372893 -2.22044604925e-16 1.1 0.147991349016 0.147991349017 1.1 0.0 0.209291372893 1.1 -0.147991349016 0.147991349017 1.1
-> CNT_EYELID_TOP_2_R circle
 3 8 0 0 3 13 -2.0 -1.0 0.0 1.0 2.0 3.0 4.0 5.0 6.0 7.0 8.0 9.0 10.0 11 0.147991349016 0.147991349017 1.1 0.0 0.209291372893 1.1 -0.147991349016 0.147991349017 1.1 -0.209291372893 8.86907153685e-49 1.1 -0.147991349016 -0.147991349017 1.1 0.0 -0.209291372893 1.1 0.147991349016 -0.147991349017 1.1 0.209291372893 -2.22044604925e-16 1.1 0.147991349016 0.147991349017 1.1 0.0 0.209291372893 1.1 -0.147991349016 0.147991349017 1.1
-> CNT_EYELID_TOP_3_L circle
 3 8 0 0 3 13 -2.0 -1.0 0.0 1.0 2.0 3.0 4.0 5.0 6.0 7.0 8.0 9.0 10.0 11 0.147991349016 0.147991349017 0.78965714163 0.0 0.209291372893 0.78965714163 -0.147991349016 0.147991349017 0.78965714163 -0.209291372893 0.0 0.78965714163 -0.147991349016 -0.147991349017 0.78965714163 0.0 -0.209291372893 0.78965714163 0.147991349016 -0.147991349017 0.78965714163 0.209291372893 -2.22044604925e-16 0.78965714163 0.147991349016 0.147991349017 0.78965714163 0.0 0.209291372893 0.78965714163 -0.147991349016 0.147991349017 0.78965714163
-> CNT_EYELID_TOP_3_R circle
 3 8 0 0 3 13 -2.0 -1.0 0.0 1.0 2.0 3.0 4.0 5.0 6.0 7.0 8.0 9.0 10.0 11 -0.147991349013 0.147991349017 0.789657141629 2.90256707558e-12 0.209291372893 0.789657141629 0.147991349019 0.147991349017 0.789657141629 0.209291372896 1.13686837722e-13 0.789657141629 0.147991349019 -0.147991349017 0.789657141629 2.88835622086e-12 -0.209291372893 0.789657141629 -0.147991349013 -0.147991349017 0.789657141629 -0.20929137289 1.13686837722e-13 0.789657141629 -0.147991349013 0.147991349017 0.789657141629 2.90256707558e-12 0.209291372893 0.789657141629 0.147991349019 0.147991349017 0.789657141629
-> CNT_EYELID_TOP_4_L circle
 3 8 0 0 3 13 -2.0 -1.0 0.0 1.0 2.0 3.0 4.0 5.0 6.0 7.0 8.0 9.0 10.0 11 0.147991349016 0.147991349017 0.78965714163 0.0 0.209291372893 0.78965714163 -0.147991349016 0.147991349017 0.78965714163 -0.209291372893 0.0 0.78965714163 -0.147991349016 -0.147991349017 0.78965714163 0.0 -0.209291372893 0.78965714163 0.147991349016 -0.147991349017 0.78965714163 0.209291372893 -2.22044604925e-16 0.78965714163 0.147991349016 0.147991349017 0.78965714163 0.0 0.209291372893 0.78965714163 -0.147991349016 0.147991349017 0.78965714163
-> CNT_EYELID_TOP_4_R circle
 3 8 0 0 3 13 -2.0 -1.0 0.0 1.0 2.0 3.0 4.0 5.0 6.0 7.0 8.0 9.0 10.0 11 -0.147991349013 0.147991349018 0.78965714163 2.57927013081e-12 0.209291372894 0.78965714163 0.147991349019 0.147991349018 0.78965714163 0.209291372896 7.95807864051e-13 0.78965714163 0.147991349019 -0.147991349016 0.78965714163 2.57216470345e-12 -0.209291372892 0.78965714163 -0.147991349013 -0.147991349016 0.78965714163 -0.20929137289 8.24229573482e-13 0.78965714163 -0.147991349013 0.147991349018 0.78965714163 2.57927013081e-12 0.209291372894 0.78965714163 0.147991349019 0.147991349018 0.78965714163
-> CNT_EYELID_TOP_5_L circle
 3 8 0 0 3 13 -2.0 -1.0 0.0 1.0 2.0 3.0 4.0 5.0 6.0 7.0 8.0 9.0 10.0 11 0.147991349016 0.147991349017 0.78965714163 0.0 0.209291372893 0.78965714163 -0.147991349016 0.147991349017 0.78965714163 -0.209291372893 0.0 0.78965714163 -0.147991349016 -0.147991349017 0.78965714163 0.0 -0.209291372893 0.78965714163 0.147991349016 -0.147991349017 0.78965714163 0.209291372893 -2.22044604925e-16 0.78965714163 0.147991349016 0.147991349017 0.78965714163 0.0 0.209291372893 0.78965714163 -0.147991349016 0.147991349017 0.78965714163
-> CNT_EYELID_TOP_5_R circle
 3 8 0 0 3 13 -2.0 -1.0 0.0 1.0 2.0 3.0 4.0 5.0 6.0 7.0 8.0 9.0 10.0 11 -0.147991349013 0.147991349017 0.789657141629 2.72493139164e-12 0.209291372893 0.789657141629 0.147991349019 0.147991349017 0.789657141629 0.209291372896 4.26325641456e-13 0.789657141629 0.147991349019 -0.147991349017 0.789657141629 2.71782596428e-12 -0.209291372893 0.789657141629 -0.147991349013 -0.147991349017 0.789657141629 -0.20929137289 4.26325641456e-13 0.789657141629 -0.147991349013 0.147991349017 0.789657141629 2.72493139164e-12 0.209291372893 0.789657141629 0.147991349019 0.147991349017 0.789657141629
-> CNT_EYELID_TOP_6_L circle
 3 8 0 0 3 13 -2.0 -1.0 0.0 1.0 2.0 3.0 4.0 5.0 6.0 7.0 8.0 9.0 10.0 11 0.147991349016 0.147991349017 1.1 0.0 0.209291372893 1.1 -0.147991349016 0.147991349017 1.1 -0.209291372893 8.86907153685e-49 1.1 -0.147991349016 -0.147991349017 1.1 0.0 -0.209291372893 1.1 0.147991349016 -0.147991349017 1.1 0.209291372893 -2.22044604925e-16 1.1 0.147991349016 0.147991349017 1.1 0.0 0.209291372893 1.1 -0.147991349016 0.147991349017 1.1
-> CNT_EYELID_TOP_6_R circle
 3 8 0 0 3 13 -2.0 -1.0 0.0 1.0 2.0 3.0 4.0 5.0 6.0 7.0 8.0 9.0 10.0 11 0.147991349016 0.147991349017 1.1 0.0 0.209291372893 1.1 -0.147991349016 0.147991349017 1.1 -0.209291372893 8.86907153685e-49 1.1 -0.147991349016 -0.147991349017 1.1 0.0 -0.209291372893 1.1 0.147991349016 -0.147991349017 1.1 0.209291372893 -2.22044604925e-16 1.1 0.147991349016 0.147991349017 1.1 0.0 0.209291372893 1.1 -0.147991349016 0.147991349017 1.1
-> CNT_EYELID_TOP_7_L circle
 3 8 0 0 3 13 -2.0 -1.0 0.0 1.0 2.0 3.0 4.0 5.0 6.0 7.0 8.0 9.0 10.0 11 0.147991349016 0.147991349017 0.78965714163 0.0 0.209291372893 0.78965714163 -0.147991349016 0.147991349017 0.78965714163 -0.209291372893 0.0 0.78965714163 -0.147991349016 -0.147991349017 0.78965714163 0.0 -0.209291372893 0.78965714163 0.147991349016 -0.147991349017 0.78965714163 0.209291372893 -2.22044604925e-16 0.78965714163 0.147991349016 0.147991349017 0.78965714163 0.0 0.209291372893 0.78965714163 -0.147991349016 0.147991349017 0.78965714163
-> CNT_EYELID_TOP_7_R circle
 3 8 0 0 3 13 -2.0 -1.0 0.0 1.0 2.0 3.0 4.0 5.0 6.0 7.0 8.0 9.0 10.0 11 -0.147991349013 0.147991349017 0.789657141629 2.72137867796e-12 0.209291372893 0.789657141629 0.147991349019 0.147991349017 0.789657141629 0.209291372896 3.97903932026e-13 0.789657141629 0.147991349019 -0.147991349017 0.789657141629 2.7142732506e-12 -0.209291372893 0.789657141629 -0.147991349013 -0.147991349017 0.789657141629 -0.20929137289 3.97903932026e-13 0.789657141629 -0.147991349013 0.147991349017 0.789657141629 2.72137867796e-12 0.209291372893 0.789657141629 0.147991349019 0.147991349017 0.789657141629
-> CNT_EYESOCKET_1_L square
1 4 2 0 3 5 0.0 1.0 2.0 3.0 4.0 5 -1.89874916792 2.83405085894 2.40106256097 -1.89874916792 -0.834050858935 3.38392745403 1.89874916792 -0.834050858935 3.38392745403 1.89874916792 2.83405085894 2.40106256097 -1.89874916792 2.83405085894 2.40106256097
-> CNT_EYESOCKET_1_R square
1 4 2 0 3 5 0.0 1.0 2.0 3.0 4.0 5 -1.89874916792 2.83405085894 2.40106256097 -1.89874916792 -0.834050858935 3.38392745403 1.89874916792 -0.834050858935 3.38392745403 1.89874916792 2.83405085894 2.40106256097 -1.89874916792 2.83405085894 2.40106256097
-> CNT_EYES_1_C square
 1 4 2 0 3 5 0.0 1.0 2.0 3.0 4.0 5 -5.43927972861 -1.49061265176 1.11022302463e-16 -5.43927972861 1.49061265176 -1.11022302463e-16 5.43927972861 1.49061265176 -1.11022302463e-16 5.43927972861 -1.49061265176 1.11022302463e-16 -5.43927972861 -1.49061265176 1.11022302463e-16
-> CNT_EYE_LOOK_1_L circle
 3 8 0 0 3 13 -2.0 -1.0 0.0 1.0 2.0 3.0 4.0 5.0 6.0 7.0 8.0 9.0 10.0 11 3.56223332812e-14 0.591965396066 -0.591965396066 3.5475876879e-14 2.13162820728e-14 -0.837165491572 3.53594478362e-14 -0.591965396066 -0.591965396066 3.53412487072e-14 -0.837165491572 0.0 3.54319402948e-14 -0.591965396066 0.591965396066 3.5578396697e-14 2.13162820728e-14 0.837165491572 3.56948257398e-14 0.591965396066 0.591965396066 3.57130248688e-14 0.837165491572 8.881784197e-16 3.56223332812e-14 0.591965396066 -0.591965396066 3.5475876879e-14 2.13162820728e-14 -0.837165491572 3.53594478362e-14 -0.591965396066 -0.591965396066
-> CNT_EYE_LOOK_1_R circle
 3 8 0 0 3 13 -2.0 -1.0 0.0 1.0 2.0 3.0 4.0 5.0 6.0 7.0 8.0 9.0 10.0 11 4.26325641456e-14 0.591965396066 0.591965396066 4.26325641456e-14 5.68434188608e-14 0.837165491572 4.26325641456e-14 -0.591965396066 0.591965396066 4.26325641456e-14 -0.837165491572 4.4408920985e-16 4.26325641456e-14 -0.591965396066 -0.591965396066 4.26325641456e-14 5.68434188608e-14 -0.837165491572 4.26325641456e-14 0.591965396066 -0.591965396066 4.26325641456e-14 0.837165491572 -4.4408920985e-16 4.26325641456e-14 0.591965396066 0.591965396066 4.26325641456e-14 5.68434188608e-14 0.837165491572 4.26325641456e-14 -0.591965396066 0.591965396066
-> CNT_INNER_EYECORNER_1_L square
1 4 2 0 3 5 0.0 1.0 2.0 3.0 4.0 5 -2.64025 0.816871967314 2.38339441225 -2.64025 0.183128032686 2.55320558775 -1.98415 0.183128032686 2.55320558775 -1.98415 0.816871967314 2.38339441225 -2.64025 0.816871967314 2.38339441225
-> CNT_INNER_EYECORNER_1_R square
1 4 2 0 3 5 0.0 1.0 2.0 3.0 4.0 5 1.98415 0.816871967314 2.38339441225 1.98415 0.183128032686 2.55320558775 2.64025 0.183128032686 2.55320558775 2.64025 0.816871967314 2.38339441225 1.98415 0.816871967314 2.38339441225
-> CNT_JAW_1_C line
 3 4 0 0 3 9 0.0 0.0 0.0 0.333333333333 0.5 0.666666666667 0.833333333333 0.833333333333 0.833333333333 7 7.44312802408 -4.02203913787 -1.20434099907 7.09562759003 -6.09544658458 4.2992197324 3.83901577488 -7.35066729977 7.63148692621 3.85428229617e-11 -7.67291565907 8.48640344282 -3.8390157748 -7.35066729977 7.63148692621 -7.09562759003 -6.09544658458 4.2992197324 -7.44312802408 -4.02203913787 -1.20434099907
-> CNT_LIPS_1_C square
 1 4 2 0 3 5 0.0 1.0 2.0 3.0 4.0 5 -0.57876118943 -0.641039899036 6.61044014205 -0.57876118943 0.516482479844 6.61044014205 0.57876118943 0.516482479844 6.61044014205 0.57876118943 -0.641039899036 6.61044014205 -0.57876118943 -0.641039899036 6.61044014205
-> CNT_LIP_BTM_1_C circle
 3 8 0 0 3 13 -2.0 -1.0 0.0 1.0 2.0 3.0 4.0 5.0 6.0 7.0 8.0 9.0 10.0 11 0.0739956745082 0.0739956745082 0.871110818851 0.0 0.104645686447 0.871110818851 -0.0739956745082 0.0739956745082 0.871110818851 -0.104645686447 -2.84217094304e-14 0.871110818851 -0.0739956745082 -0.0739956745083 0.871110818851 0.0 -0.104645686447 0.871110818851 0.0739956745082 -0.0739956745083 0.871110818851 0.104645686447 -2.85327317329e-14 0.871110818851 0.0739956745082 0.0739956745082 0.871110818851 0.0 0.104645686447 0.871110818851 -0.0739956745082 0.0739956745082 0.871110818851
-> CNT_LIP_BTM_1_L circle
 3 8 0 0 3 13 -2.0 -1.0 0.0 1.0 2.0 3.0 4.0 5.0 6.0 7.0 8.0 9.0 10.0 11 0.0739956745082 -0.128999232724 0.871110818851 -8.881784197e-16 -0.0983492207853 0.871110818851 -0.0739956745082 -0.128999232724 0.871110818851 -0.104645686447 -0.202994907232 0.871110818851 -0.0739956745082 -0.27699058174 0.871110818851 -8.881784197e-16 -0.30764059368 0.871110818851 0.0739956745082 -0.27699058174 0.871110818851 0.104645686447 -0.202994907232 0.871110818851 0.0739956745082 -0.128999232724 0.871110818851 -8.881784197e-16 -0.0983492207853 0.871110818851 -0.0739956745082 -0.128999232724 0.871110818851
-> CNT_LIP_BTM_1_R circle
 3 8 0 0 3 13 -2.0 -1.0 0.0 1.0 2.0 3.0 4.0 5.0 6.0 7.0 8.0 9.0 10.0 11 0.0739956745082 -0.128999232724 0.871110818851 -1.33226762955e-15 -0.0983492207853 0.871110818851 -0.0739956745082 -0.128999232724 0.871110818851 -0.104645686447 -0.202994907232 0.871110818851 -0.0739956745082 -0.27699058174 0.871110818851 -1.33226762955e-15 -0.30764059368 0.871110818851 0.0739956745082 -0.27699058174 0.871110818851 0.104645686447 -0.202994907232 0.871110818851 0.0739956745082 -0.128999232724 0.871110818851 -1.33226762955e-15 -0.0983492207853 0.871110818851 -0.0739956745082 -0.128999232724 0.871110818851
-> CNT_LIP_BTM_2_L circle
 3 8 0 0 3 13 -2.0 -1.0 0.0 1.0 2.0 3.0 4.0 5.0 6.0 7.0 8.0 9.0 10.0 11 0.0739956745082 0.0739956745082 0.871110818851 0.0 0.104645686447 0.871110818851 -0.0739956745082 0.0739956745082 0.871110818851 -0.104645686447 -2.84217094304e-14 0.871110818851 -0.0739956745082 -0.0739956745083 0.871110818851 0.0 -0.104645686447 0.871110818851 0.0739956745082 -0.0739956745083 0.871110818851 0.104645686447 -2.85327317329e-14 0.871110818851 0.0739956745082 0.0739956745082 0.871110818851 0.0 0.104645686447 0.871110818851 -0.0739956745082 0.0739956745082 0.871110818851
-> CNT_LIP_BTM_2_R circle
 3 8 0 0 3 13 -2.0 -1.0 0.0 1.0 2.0 3.0 4.0 5.0 6.0 7.0 8.0 9.0 10.0 11 0.0739956745082 0.0739956745082 0.871110818851 1.33226762955e-15 0.104645686447 0.871110818851 -0.0739956745082 0.0739956745082 0.871110818851 -0.104645686447 -2.84217094304e-14 0.871110818851 -0.0739956745082 -0.0739956745083 0.871110818851 1.33226762955e-15 -0.104645686447 0.871110818851 0.0739956745082 -0.0739956745083 0.871110818851 0.104645686447 -2.84217094304e-14 0.871110818851 0.0739956745082 0.0739956745082 0.871110818851 1.33226762955e-15 0.104645686447 0.871110818851 -0.0739956745082 0.0739956745082 0.871110818851
-> CNT_LIP_BTM_3_L circle
 3 8 0 0 3 13 -2.0 -1.0 0.0 1.0 2.0 3.0 4.0 5.0 6.0 7.0 8.0 9.0 10.0 11 0.0739956745082 0.0739956745082 0.871110818851 0.0 0.104645686447 0.871110818851 -0.0739956745082 0.0739956745082 0.871110818851 -0.104645686447 -2.84217094304e-14 0.871110818851 -0.0739956745082 -0.0739956745083 0.871110818851 0.0 -0.104645686447 0.871110818851 0.0739956745082 -0.0739956745083 0.871110818851 0.104645686447 -2.85327317329e-14 0.871110818851 0.0739956745082 0.0739956745082 0.871110818851 0.0 0.104645686447 0.871110818851 -0.0739956745082 0.0739956745082 0.871110818851
-> CNT_LIP_BTM_3_R circle
 3 8 0 0 3 13 -2.0 -1.0 0.0 1.0 2.0 3.0 4.0 5.0 6.0 7.0 8.0 9.0 10.0 11 0.0739956745082 0.0739956745082 0.871110818851 8.881784197e-16 0.104645686447 0.871110818851 -0.0739956745082 0.0739956745082 0.871110818851 -0.104645686447 -2.84217094304e-14 0.871110818851 -0.0739956745082 -0.0739956745083 0.871110818851 8.881784197e-16 -0.104645686447 0.871110818851 0.0739956745082 -0.0739956745083 0.871110818851 0.104645686447 -2.84217094304e-14 0.871110818851 0.0739956745082 0.0739956745082 0.871110818851 8.881784197e-16 0.104645686447 0.871110818851 -0.0739956745082 0.0739956745082 0.871110818851
-> CNT_LIP_BTM_4_L circle
 3 8 0 0 3 13 -2.0 -1.0 0.0 1.0 2.0 3.0 4.0 5.0 6.0 7.0 8.0 9.0 10.0 11 0.0739956745082 0.0739956745082 0.871110818851 0.0 0.104645686447 0.871110818851 -0.0739956745082 0.0739956745082 0.871110818851 -0.104645686447 -2.84217094304e-14 0.871110818851 -0.0739956745082 -0.0739956745083 0.871110818851 0.0 -0.104645686447 0.871110818851 0.0739956745082 -0.0739956745083 0.871110818851 0.104645686447 -2.85327317329e-14 0.871110818851 0.0739956745082 0.0739956745082 0.871110818851 0.0 0.104645686447 0.871110818851 -0.0739956745082 0.0739956745082 0.871110818851
-> CNT_LIP_BTM_4_R circle
 3 8 0 0 3 13 -2.0 -1.0 0.0 1.0 2.0 3.0 4.0 5.0 6.0 7.0 8.0 9.0 10.0 11 0.0739956745082 0.0739956745082 0.871110818851 1.11022302463e-16 0.104645686447 0.871110818851 -0.0739956745082 0.0739956745082 0.871110818851 -0.104645686447 -2.84217094304e-14 0.871110818851 -0.0739956745082 -0.0739956745083 0.871110818851 1.11022302463e-16 -0.104645686447 0.871110818851 0.0739956745082 -0.0739956745083 0.871110818851 0.104645686447 -2.84217094304e-14 0.871110818851 0.0739956745082 0.0739956745082 0.871110818851 1.11022302463e-16 0.104645686447 0.871110818851 -0.0739956745082 0.0739956745082 0.871110818851
-> CNT_LIP_CORNER_1_L square
 1 4 2 0 3 5 0.0 1.0 2.0 3.0 4.0 5 -0.486745171235 -0.486745171235 0.676604646123 -0.486745171235 0.486745171235 0.676604646123 0.486745171235 0.486745171235 0.676604646123 0.486745171235 -0.486745171235 0.676604646123 -0.486745171235 -0.486745171235 0.676604646123
-> CNT_LIP_CORNER_1_R square
 1 4 2 0 3 5 0.0 1.0 2.0 3.0 4.0 5 -0.486745171235 -0.486745171235 0.676604646123 -0.486745171235 0.486745171235 0.676604646123 0.486745171235 0.486745171235 0.676604646123 0.486745171235 -0.486745171235 0.676604646123 -0.486745171235 -0.486745171235 0.676604646123
-> CNT_LIP_TOP_1_C circle
 3 8 0 0 3 13 -2.0 -1.0 0.0 1.0 2.0 3.0 4.0 5.0 6.0 7.0 8.0 9.0 10.0 11 0.0739956745082 0.0739956745082 0.871110818851 0.0 0.104645686447 0.871110818851 -0.0739956745082 0.0739956745082 0.871110818851 -0.104645686447 -2.84217094304e-14 0.871110818851 -0.0739956745082 -0.0739956745083 0.871110818851 0.0 -0.104645686447 0.871110818851 0.0739956745082 -0.0739956745083 0.871110818851 0.104645686447 -2.85327317329e-14 0.871110818851 0.0739956745082 0.0739956745082 0.871110818851 0.0 0.104645686447 0.871110818851 -0.0739956745082 0.0739956745082 0.871110818851
-> CNT_LIP_TOP_1_L circle
 3 8 0 0 3 13 -2.0 -1.0 0.0 1.0 2.0 3.0 4.0 5.0 6.0 7.0 8.0 9.0 10.0 11 0.0739956745082 0.301183040887 0.871110818851 -4.4408920985e-16 0.331833052827 0.871110818851 -0.0739956745082 0.301183040887 0.871110818851 -0.104645686447 0.22718736638 0.871110818851 -0.0739956745082 0.153191691872 0.871110818851 -4.4408920985e-16 0.122541679933 0.871110818851 0.0739956745082 0.153191691872 0.871110818851 0.104645686447 0.22718736638 0.871110818851 0.0739956745082 0.301183040887 0.871110818851 -4.4408920985e-16 0.331833052827 0.871110818851 -0.0739956745082 0.301183040887 0.871110818851
-> CNT_LIP_TOP_1_R circle
 3 8 0 0 3 13 -2.0 -1.0 0.0 1.0 2.0 3.0 4.0 5.0 6.0 7.0 8.0 9.0 10.0 11 0.0739956745082 0.301183040887 0.871110818851 -8.881784197e-16 0.331833052827 0.871110818851 -0.0739956745082 0.301183040887 0.871110818851 -0.104645686447 0.22718736638 0.871110818851 -0.0739956745082 0.153191691872 0.871110818851 -8.881784197e-16 0.122541679933 0.871110818851 0.0739956745082 0.153191691872 0.871110818851 0.104645686447 0.22718736638 0.871110818851 0.0739956745082 0.301183040887 0.871110818851 -8.881784197e-16 0.331833052827 0.871110818851 -0.0739956745082 0.301183040887 0.871110818851
-> CNT_LIP_TOP_2_L circle
 3 8 0 0 3 13 -2.0 -1.0 0.0 1.0 2.0 3.0 4.0 5.0 6.0 7.0 8.0 9.0 10.0 11 0.0739956745082 0.0739956745082 0.871110818851 0.0 0.104645686447 0.871110818851 -0.0739956745082 0.0739956745082 0.871110818851 -0.104645686447 -2.84217094304e-14 0.871110818851 -0.0739956745082 -0.0739956745083 0.871110818851 0.0 -0.104645686447 0.871110818851 0.0739956745082 -0.0739956745083 0.871110818851 0.104645686447 -2.85327317329e-14 0.871110818851 0.0739956745082 0.0739956745082 0.871110818851 0.0 0.104645686447 0.871110818851 -0.0739956745082 0.0739956745082 0.871110818851
-> CNT_LIP_TOP_2_R circle
 3 8 0 0 3 13 -2.0 -1.0 0.0 1.0 2.0 3.0 4.0 5.0 6.0 7.0 8.0 9.0 10.0 11 0.0739956745082 0.0739956745082 0.871110818851 1.33226762955e-15 0.104645686447 0.871110818851 -0.0739956745082 0.0739956745082 0.871110818851 -0.104645686447 -2.84217094304e-14 0.871110818851 -0.0739956745082 -0.0739956745083 0.871110818851 1.33226762955e-15 -0.104645686447 0.871110818851 0.0739956745082 -0.0739956745083 0.871110818851 0.104645686447 -2.84217094304e-14 0.871110818851 0.0739956745082 0.0739956745082 0.871110818851 1.33226762955e-15 0.104645686447 0.871110818851 -0.0739956745082 0.0739956745082 0.871110818851
-> CNT_LIP_TOP_3_L circle
 3 8 0 0 3 13 -2.0 -1.0 0.0 1.0 2.0 3.0 4.0 5.0 6.0 7.0 8.0 9.0 10.0 11 0.0739956745082 0.0739956745082 0.871110818851 0.0 0.104645686447 0.871110818851 -0.0739956745082 0.0739956745082 0.871110818851 -0.104645686447 -2.84217094304e-14 0.871110818851 -0.0739956745082 -0.0739956745083 0.871110818851 0.0 -0.104645686447 0.871110818851 0.0739956745082 -0.0739956745083 0.871110818851 0.104645686447 -2.85327317329e-14 0.871110818851 0.0739956745082 0.0739956745082 0.871110818851 0.0 0.104645686447 0.871110818851 -0.0739956745082 0.0739956745082 0.871110818851
-> CNT_LIP_TOP_3_R circle
 3 8 0 0 3 13 -2.0 -1.0 0.0 1.0 2.0 3.0 4.0 5.0 6.0 7.0 8.0 9.0 10.0 11 0.0739956745082 0.0739956745082 0.871110818851 1.33226762955e-15 0.104645686447 0.871110818851 -0.0739956745082 0.0739956745082 0.871110818851 -0.104645686447 -2.84217094304e-14 0.871110818851 -0.0739956745082 -0.0739956745083 0.871110818851 1.33226762955e-15 -0.104645686447 0.871110818851 0.0739956745082 -0.0739956745083 0.871110818851 0.104645686447 -2.84217094304e-14 0.871110818851 0.0739956745082 0.0739956745082 0.871110818851 1.33226762955e-15 0.104645686447 0.871110818851 -0.0739956745082 0.0739956745082 0.871110818851
-> CNT_LIP_TOP_4_L circle
 3 8 0 0 3 13 -2.0 -1.0 0.0 1.0 2.0 3.0 4.0 5.0 6.0 7.0 8.0 9.0 10.0 11 0.0739956745082 0.0739956745082 0.871110818851 0.0 0.104645686447 0.871110818851 -0.0739956745082 0.0739956745082 0.871110818851 -0.104645686447 -2.84217094304e-14 0.871110818851 -0.0739956745082 -0.0739956745083 0.871110818851 0.0 -0.104645686447 0.871110818851 0.0739956745082 -0.0739956745083 0.871110818851 0.104645686447 -2.85327317329e-14 0.871110818851 0.0739956745082 0.0739956745082 0.871110818851 0.0 0.104645686447 0.871110818851 -0.0739956745082 0.0739956745082 0.871110818851
-> CNT_LIP_TOP_4_R circle
 3 8 0 0 3 13 -2.0 -1.0 0.0 1.0 2.0 3.0 4.0 5.0 6.0 7.0 8.0 9.0 10.0 11 0.0739956745082 0.0739956745082 0.871110818851 2.22044604925e-16 0.104645686447 0.871110818851 -0.0739956745082 0.0739956745082 0.871110818851 -0.104645686447 -2.84217094304e-14 0.871110818851 -0.0739956745082 -0.0739956745083 0.871110818851 2.22044604925e-16 -0.104645686447 0.871110818851 0.0739956745082 -0.0739956745083 0.871110818851 0.104645686447 -2.84217094304e-14 0.871110818851 0.0739956745082 0.0739956745082 0.871110818851 2.22044604925e-16 0.104645686447 0.871110818851 -0.0739956745082 0.0739956745082 0.871110818851
-> CNT_LOWER_EYELID_1_L square
 1 4 2 0 3 5 0.0 1.0 2.0 3.0 4.0 5 -1.22749087295 -0.315428646373 2.80774217797 -1.5 0.3 2.80774217797 1.5 0.3 2.80774217797 1.22749087295 -0.315428646373 2.80774217797 -1.22749087295 -0.315428646373 2.80774217797
-> CNT_LOWER_EYELID_1_R square
 1 4 2 0 3 5 0.0 1.0 2.0 3.0 4.0 5 1.22749087295 -0.315428646374 2.80774217797 1.5 0.3 2.80774217797 -1.5 0.3 2.80774217797 -1.22749087295 -0.315428646374 2.80774217797 1.22749087295 -0.315428646374 2.80774217797
-> CNT_MAIN_EYE_1_L square
 1 4 2 0 3 5 0.0 1.0 2.0 3.0 4.0 5 4.3566616145 -0.45 3.7565763772 4.3566616145 0.45 3.7565763772 5.2566616145 0.45 3.7565763772 5.2566616145 -0.45 3.7565763772 4.3566616145 -0.45 3.7565763772
-> CNT_MAIN_EYE_1_R square
 1 4 2 0 3 5 0.0 1.0 2.0 3.0 4.0 5 4.3566616145 -0.45 3.7565763772 4.3566616145 0.45 3.7565763772 5.2566616145 0.45 3.7565763772 5.2566616145 -0.45 3.7565763772 4.3566616145 -0.45 3.7565763772
-> CNT_NOSE_1_C circle
 3 8 0 0 3 13 -2.0 -1.0 0.0 1.0 2.0 3.0 4.0 5.0 6.0 7.0 8.0 9.0 10.0 11 -1.09125563729 -1.12260678985 1.16262162137 -6.89363306766e-16 -1.57461967483 1.16262162137 1.25887673253 -1.32947275446 0.778854999026 2.05275952967 -0.475963883271 0.337799973041 1.25545579877 1.00662967425 0.606037802465 6.81334490514e-16 2.00814275391 0.774357430026 -1.25545579877 1.00662967425 0.606037802465 -2.05275952967 -0.475963883271 0.337799973041 -1.25887673253 -1.32947275446 0.778854999026 -6.89363306766e-16 -1.57461967483 1.16262162137 1.09125563729 -1.12260678985 1.16262162137
-> CNT_NOSE_1_L circle
 3 8 0 0 3 13 -2.0 -1.0 0.0 1.0 2.0 3.0 4.0 5.0 6.0 7.0 8.0 9.0 10.0 11 0.217921016352 -0.172245238663 1.22063716107 0.375218357377 -0.275777427714 0.948190174527 0.532515698402 -0.134306371861 0.675743187976 0.59767039038 0.171549626552 0.562891951118 0.532515698402 0.461844394117 0.675743187976 0.375218357377 0.560613735947 0.948190174527 0.217921016352 0.461844528652 1.22063716107 0.152766324374 0.171549772275 1.33348839793 0.217921016352 -0.134306288428 1.22063716107 0.375218357377 -0.275777338119 0.948190174527 0.532515698402 -0.172245257387 0.675743187976
-> CNT_NOSE_1_R circle
 3 8 0 0 3 13 -2.0 -1.0 0.0 1.0 2.0 3.0 4.0 5.0 6.0 7.0 8.0 9.0 10.0 11 -0.217921016352 -0.172245238663 1.22063716107 -0.375218357377 -0.275777427714 0.948190174527 -0.532515698402 -0.134306371861 0.675743187976 -0.59767039038 0.171549626552 0.562891951118 -0.532515698402 0.461844394117 0.675743187976 -0.375218357377 0.560613735947 0.948190174527 -0.217921016352 0.461844528652 1.22063716107 -0.152766324374 0.171549772275 1.33348839793 -0.217921016352 -0.134306288428 1.22063716107 -0.375218357377 -0.275777338119 0.948190174527 -0.532515698402 -0.172245257387 0.675743187976
-> CNT_NOSE_2_C circle
 3 8 0 0 3 13 -2.0 -1.0 0.0 1.0 2.0 3.0 4.0 5.0 6.0 7.0 8.0 9.0 10.0 11 -0.582860346442 -0.419288222575 1.13511818342 -3.29426308552e-16 -0.61065011147 1.13511818342 0.461410395669 -0.433050220695 1.13511818342 0.630461644819 -0.0935056538106 1.13511818342 0.459783602224 0.216956676771 1.13511818342 3.26828808144e-16 0.344755661095 1.13511818342 -0.459783602224 0.216956676771 1.13511818342 -0.630461644819 -0.0935056538106 1.13511818342 -0.461410395669 -0.433050220695 1.13511818342 -3.29426308552e-16 -0.61065011147 1.13511818342 0.582860346442 -0.419288222575 1.13511818342
-> CNT_NOSE_3_C circle
3 8 0 0 3 13 -2.0 -1.0 0.0 1.0 2.0 3.0 4.0 5.0 6.0 7.0 8.0 9.0 10.0 11 0.591965396066 3.62462292633e-17 -0.591965396066 0.0 5.1259909009e-17 -0.837165491572 -0.591965396066 3.62462292633e-17 -0.591965396066 -0.837165491572 1.59770989074e-32 0.0 -0.591965396066 -3.62462292633e-17 0.591965396066 0.0 -5.1259909009e-17 0.837165491572 0.591965396066 -3.62462292633e-17 0.591965396066 0.837165491572 -2.7531693462e-32 8.881784197e-16 0.591965396066 3.62462292633e-17 -0.591965396066 0.0 5.1259909009e-17 -0.837165491572 -0.591965396066 3.62462292633e-17 -0.591965396066
-> CNT_OUTER_EYECORNER_1_L square
1 4 2 0 3 5 0.0 1.0 2.0 3.0 4.0 5 1.98415 0.316871967314 1.88339441225 1.98415 -0.316871967314 2.05320558775 2.64025 -0.316871967314 2.05320558775 2.64025 0.316871967314 1.88339441225 1.98415 0.316871967314 1.88339441225
-> CNT_OUTER_EYECORNER_1_R square
1 4 2 0 3 5 0.0 1.0 2.0 3.0 4.0 5 -2.64025 0.316871967314 1.88339441225 -2.64025 -0.316871967314 2.05320558775 -1.98415 -0.316871967314 2.05320558775 -1.98415 0.316871967314 1.88339441225 -2.64025 0.316871967314 1.88339441225
-> CNT_SUB_EYE_LOOK_1_L circle
 3 8 0 0 3 13 -2.0 -1.0 0.0 1.0 2.0 3.0 4.0 5.0 6.0 7.0 8.0 9.0 10.0 11 0.921116812594 0.71035847528 -0.71035847528 0.921116812594 1.36583834933e-32 -1.00459858989 0.921116812594 -0.71035847528 -0.71035847528 0.921116812594 -1.00459858989 0.0 0.921116812594 -0.71035847528 0.71035847528 0.921116812594 -1.36583834933e-32 1.00459858989 0.921116812594 0.71035847528 0.71035847528 0.921116812594 1.00459858989 1.06581410364e-15 0.921116812594 0.71035847528 -0.71035847528 0.921116812594 1.36583834933e-32 -1.00459858989 0.921116812594 -0.71035847528 -0.71035847528
-> CNT_SUB_EYE_LOOK_1_R circle
 3 8 0 0 3 13 -2.0 -1.0 0.0 1.0 2.0 3.0 4.0 5.0 6.0 7.0 8.0 9.0 10.0 11 0.921116812594 0.71035847528 0.71035847528 0.921116812594 0.0 1.00459858989 0.921116812594 -0.71035847528 0.71035847528 0.921116812594 -1.00459858989 1.7763568394e-15 0.921116812594 -0.71035847528 -0.71035847528 0.921116812594 0.0 -1.00459858989 0.921116812594 0.71035847528 -0.71035847528 0.921116812594 1.00459858989 8.881784197e-16 0.921116812594 0.71035847528 0.71035847528 0.921116812594 0.0 1.00459858989 0.921116812594 -0.71035847528 0.71035847528
-> CNT_SUB_LIP_CORNER_1_L square
 1 4 2 0 3 5 0.0 1.0 2.0 3.0 4.0 5 -0.389396136987 -0.389396136987 0.676604646123 -0.389396136987 0.389396136987 0.676604646123 0.389396136987 0.389396136987 0.676604646123 0.389396136987 -0.389396136987 0.676604646123 -0.389396136987 -0.389396136987 0.676604646123
-> CNT_SUB_LIP_CORNER_1_R square
 1 4 2 0 3 5 0.0 1.0 2.0 3.0 4.0 5 -0.389396136987 -0.389396136987 0.676604646123 -0.389396136987 0.389396136987 0.676604646123 0.389396136987 0.389396136987 0.676604646123 0.389396136987 -0.389396136987 0.676604646123 -0.389396136987 -0.389396136987 0.676604646123
-> CNT_TONGUE_1_C circleX
 3 8 0 0 3 13 -2.0 -1.0 0.0 1.0 2.0 3.0 4.0 5.0 6.0 7.0 8.0 9.0 10.0 11 1.26014360254e-16 0.783611624891 -1.44665175221 -6.78573232311e-17 -1.26431706078e-16 -2.045874528 -2.21979107074e-16 -0.783611624891 -1.44665175221 -2.46068540556e-16 -1.10819418755 -5.92843254477e-16 -1.26014360254e-16 -0.783611624891 1.44665175221 6.78573232311e-17 -3.33920536359e-16 2.045874528 2.21979107074e-16 0.783611624891 1.44665175221 2.46068540556e-16 1.10819418755 1.09884319995e-15 1.26014360254e-16 0.783611624891 -1.44665175221 -6.78573232311e-17 -1.26431706078e-16 -2.045874528 -2.21979107074e-16 -0.783611624891 -1.44665175221
-> CNT_TONGUE_2_C circleX
 3 8 0 0 3 13 -2.0 -1.0 0.0 1.0 2.0 3.0 4.0 5.0 6.0 7.0 8.0 9.0 10.0 11 1.26014360254e-16 0.842014748399 -1.56941105998 -6.78573232311e-17 -1.35854749727e-16 -2.21948240595 -2.21979107074e-16 -0.842014748399 -1.56941105998 -2.46068540556e-16 -1.1907886769 -6.18263080964e-16 -1.26014360254e-16 -0.842014748399 1.56941105998 6.78573232311e-17 -3.58807867924e-16 2.21948240595 2.21979107074e-16 0.842014748399 1.56941105998 2.46068540556e-16 1.1907886769 1.21697572308e-15 1.26014360254e-16 0.842014748399 -1.56941105998 -6.78573232311e-17 -1.35854749727e-16 -2.21948240595 -2.21979107074e-16 -0.842014748399 -1.56941105998
-> CNT_TONGUE_3_C circleX
 3 8 0 0 3 13 -2.0 -1.0 0.0 1.0 2.0 3.0 4.0 5.0 6.0 7.0 8.0 9.0 10.0 11 1.26014360254e-16 1.05616189244 -1.65841347125 -6.78573232311e-17 -1.704062902e-16 -2.34535082306 -2.21979107074e-16 -1.05616189244 -1.65841347125 -2.46068540556e-16 -1.49363847234 -7.82902126048e-16 -1.26014360254e-16 -1.05616189244 1.65841347125 6.78573232311e-17 -4.50062421744e-16 2.34535082306 2.21979107074e-16 1.05616189244 1.65841347125 2.46068540556e-16 1.49363847234 1.15641436866e-15 1.26014360254e-16 1.05616189244 -1.65841347125 -6.78573232311e-17 -1.704062902e-16 -2.34535082306 -2.21979107074e-16 -1.05616189244 -1.65841347125
-> CNT_TONGUE_4_C circleX
 3 8 0 0 3 13 -2.0 -1.0 0.0 1.0 2.0 3.0 4.0 5.0 6.0 7.0 8.0 9.0 10.0 11 1.26014360254e-16 1.066366533 -1.5995923111 -6.78573232311e-17 -1.7205275648e-16 -2.26216514061 -2.21979107074e-16 -1.066366533 -1.5995923111 -2.46068540556e-16 -1.50807001343 -7.22986608525e-16 -1.26014360254e-16 -1.066366533 1.5995923111 6.78573232311e-17 -4.54410926721e-16 2.26216514061 2.21979107074e-16 1.066366533 1.5995923111 2.46068540556e-16 1.50807001343 1.14754556423e-15 1.26014360254e-16 1.066366533 -1.5995923111 -6.78573232311e-17 -1.7205275648e-16 -2.26216514061 -2.21979107074e-16 -1.066366533 -1.5995923111
-> CNT_TONGUE_5_C circleX
 3 8 0 0 3 13 -2.0 -1.0 0.0 1.0 2.0 3.0 4.0 5.0 6.0 7.0 8.0 9.0 10.0 11 -3.42669931855e-15 0.924986096386 -1.39535471037 -3.62057100203e-15 0.0687878005607 -1.97332955573 -3.77469278588e-15 -0.787410495265 -1.39535471037 -3.79878221936e-15 -1.14205944147 -5.50115788966e-16 -3.67872803906e-15 -0.787410495265 1.39535471037 -3.48485635557e-15 0.0687878005607 1.97332955573 -3.33073457173e-15 0.924986096386 1.39535471037 -3.30664513825e-15 1.27963504259 1.08158490131e-15 -3.42669931855e-15 0.924986096386 -1.39535471037 -3.62057100203e-15 0.0687878005607 -1.97332955573 -3.77469278588e-15 -0.787410495265 -1.39535471037
-> CNT_TOP_LIP_1_C line
 3 4 0 0 3 9 0.0 0.0 0.0 0.333333333333 0.5 0.666666666667 0.833333333333 0.833333333333 0.833333333333 7 -1.23508688783 0.138928291352 3.97632721129 -0.843930461287 0.138928291352 4.22044752866 -0.449594547474 0.138928291352 4.35451341807 -5.14021216834e-15 0.138928291352 4.35451341807 0.449594547474 0.138928291352 4.35451341807 0.843930461287 0.138928291352 4.22044752866 1.23508688783 0.138928291352 3.97632721129
-> CNT_TOP_TEETH_1_C line
 3 4 0 0 3 9 0.0 0.0 0.0 0.333333333333 0.5 0.666666666667 0.833333333333 0.833333333333 0.833333333333 7 -2.0 0.0 0.0 -1.33333333551 0.0 0.0 -0.666666665798 0.0 0.0 -2.01232129074e-15 0.0 0.0 0.666666665798 0.0 0.0 1.33333333551 0.0 0.0 2.0 0.0 0.0
-> CNT_UPPER_EYELID_1_L square
 1 4 2 0 3 5 0.0 1.0 2.0 3.0 4.0 5 -1.5 -0.3 2.80774217797 -1.19472580055 0.3 2.80774217797 1.19472580055 0.3 2.80774217797 1.5 -0.3 2.80774217797 -1.5 -0.3 2.80774217797
-> CNT_UPPER_EYELID_1_R square
 1 4 2 0 3 5 0.0 1.0 2.0 3.0 4.0 5 1.5 -0.3 2.80774217797 1.19472580055 0.3 2.80774217797 -1.19472580054 0.3 2.80774217797 -1.5 -0.3 2.80774217797 1.5 -0.3 2.80774217797
-> ctrl_EYELID_BTM_1_L circle
-> ctrl_EYELID_BTM_1_R circle
-> ctrl_EYELID_BTM_7_L circle
-> ctrl_EYELID_BTM_7_R circle
